n;rounds;time
100;25;0.00002637
100;25;0.000024596
100;21;0.000023625
100;21;0.000023053
100;18;0.000022703
100;23;0.000023574
100;22;0.000023454
100;18;0.000023054
100;27;0.000022632
100;26;0.000023184
100;27;0.000022512
100;29;0.000023825
100;25;0.000082565
100;26;0.000025638
100;26;0.000023775
100;24;0.000023454
100;28;0.000022302
100;23;0.000022843
100;30;0.000023324
100;25;0.000023845
100;22;0.000022342
100;27;0.000022733
100;24;0.000022873
100;26;0.000022822
100;30;0.000022862
100;27;0.000022422
100;21;0.000022272
100;25;0.000022131
100;24;0.000021841
100;20;0.000022242
100;24;0.000025859
100;26;0.000024706
100;19;0.000024226
100;27;0.000024135
100;21;0.000023835
100;24;0.000039083
100;26;0.000024746
100;19;0.000023294
100;20;0.000023614
100;22;0.000022633
100;23;0.000023244
100;21;0.000023524
100;23;0.000023253
100;25;0.000035667
100;24;0.000024856
100;22;0.000023214
100;24;0.000022633
100;20;0.000023594
100;24;0.000023394
100;27;0.000023344
100;24;0.000022943
100;23;0.000022723
100;23;0.000022642
100;26;0.000023244
100;26;0.000022793
100;18;0.000022192
100;21;0.000022402
100;21;0.000022252
100;22;0.000022242
100;22;0.000022241
100;26;0.000027311
100;22;0.000024196
100;25;0.000024426
100;23;0.000022812
100;22;0.000022011
100;23;0.000022152
100;18;0.000022152
100;20;0.000021741
100;20;0.000022131
100;21;0.000021571
100;23;0.000022512
100;25;0.000021911
100;24;0.000021391
100;19;0.00002141
100;24;0.000022242
100;27;0.000022081
100;23;0.00002119
100;23;0.000022392
100;21;0.000021741
100;23;0.000022563
100;25;0.000021801
100;21;0.00002134
100;23;0.000021711
100;24;0.000022011
100;24;0.0000215
100;22;0.000021991
100;21;0.00002154
100;20;0.00002108
100;25;0.0000213
100;20;0.00002148
100;17;0.000027201
100;24;0.000025147
100;25;0.000023815
100;20;0.000023133
100;24;0.000023094
100;21;0.000023965
100;19;0.000023113
100;19;0.000022352
100;22;0.000022372
100;21;0.000022181
100;18;0.000022673
100;18;0.000022322
100;25;0.000022532
100;20;0.000022673
100;18;0.000021941
100;24;0.000022342
100;19;0.000022022
100;18;0.000022692
100;21;0.000022443
100;19;0.000022662
100;16;0.000021741
100;19;0.000021611
100;26;0.000022392
100;21;0.000022452
100;19;0.000022773
100;23;0.000022703
100;23;0.000022141
100;20;0.000021641
100;23;0.000022502
100;22;0.000022843
100;23;0.000027311
100;20;0.000024446
100;23;0.000023865
100;27;0.000025017
100;29;0.000024476
100;25;0.000024105
100;24;0.000023504
100;21;0.000022833
100;26;0.000023414
100;28;0.000022993
100;25;0.000023394
100;23;0.000024626
100;27;0.000023775
100;27;0.000023254
100;24;0.000022642
100;18;0.000022262
100;22;0.000022462
100;21;0.000022552
100;22;0.000022302
100;22;0.000022422
100;19;0.000021881
100;29;0.000023094
100;23;0.000022552
100;24;0.000022262
100;25;0.000022813
100;23;0.000022101
100;27;0.000022352
100;22;0.000022071
100;23;0.000022212
100;21;0.000022542
100;19;0.000027091
100;20;0.000025588
100;23;0.000024636
100;21;0.000023484
100;26;0.000023895
100;27;0.000023254
100;25;0.000023174
100;20;0.000023013
100;20;0.000023354
100;25;0.000023434
100;24;0.000024135
100;21;0.000022743
100;19;0.000023574
100;28;0.000023444
100;23;0.000022752
100;19;0.000023114
100;22;0.000024065
100;20;0.000023354
100;18;0.000022823
100;31;0.000023965
100;29;0.000023164
100;21;0.000023203
100;24;0.000023064
100;20;0.000022993
100;19;0.000022893
100;23;0.000023624
100;29;0.000023655
100;23;0.000038502
100;22;0.000024126
100;20;0.000023213
100;21;0.00002683
100;20;0.000025548
100;21;0.000024105
100;26;0.000024736
100;26;0.000024155
100;24;0.000023283
100;21;0.000023464
100;27;0.000023224
100;22;0.000023083
100;20;0.000023123
100;22;0.000022773
100;27;0.000023033
100;25;0.000022863
100;20;0.000022803
100;26;0.000022803
100;18;0.000022352
100;22;0.000022833
100;20;0.000022312
100;23;0.000022813
100;23;0.000022893
100;22;0.000023063
100;25;0.000022923
100;26;0.000037541
100;21;0.000023694
100;24;0.000023053
100;23;0.000022853
100;18;0.000022562
100;28;0.000023535
100;18;0.000023053
100;27;0.000023354
100;25;0.000025207
100;31;0.000024787
100;24;0.000024336
100;27;0.000023684
100;27;0.000023655
100;23;0.000023173
100;33;0.000023434
100;32;0.000023534
100;21;0.000022823
100;32;0.000023374
100;34;0.000022853
100;28;0.000022993
100;29;0.000023203
100;29;0.000022963
100;30;0.000023223
100;30;0.000023855
100;29;0.000023344
100;26;0.000038623
100;29;0.000030347
100;24;0.000027782
100;27;0.000022983
100;25;0.000050916
100;29;0.000024596
100;24;0.000023104
100;24;0.000023053
100;33;0.000024346
100;27;0.000023374
100;28;0.000023364
100;28;0.000023384
100;33;0.000023354
100;24;0.000024926
100;32;0.000025067
100;31;0.000024035
100;23;0.000023835
100;25;0.000022893
100;24;0.000022823
100;28;0.000023804
100;27;0.000023464
100;31;0.000023223
100;29;0.000023615
100;23;0.000023434
100;25;0.000039865
100;23;0.000024385
100;31;0.000023604
100;23;0.000023544
100;23;0.000023104
100;30;0.000023354
100;30;0.000024165
100;31;0.000024065
100;22;0.000022592
100;24;0.000023143
100;23;0.000023434
100;28;0.000023043
100;29;0.000022723
100;29;0.000024155
100;28;0.000023364
100;32;0.000023404
100;25;0.000023394
100;27;0.000022853
100;26;0.000022963
100;26;0.000025177
100;25;0.000024907
100;23;0.000050475
100;28;0.000024285
100;24;0.000023985
100;23;0.00003737
100;22;0.000024055
100;29;0.000023695
100;26;0.000023694
100;23;0.000022583
100;23;0.000022682
100;27;0.000022964
100;28;0.000023574
100;25;0.000023394
100;25;0.000022142
100;22;0.000022382
100;21;0.000022161
100;24;0.000022984
100;26;0.000022612
100;25;0.000021951
100;28;0.000022713
100;25;0.000022442
100;27;0.000022483
100;27;0.000022512
100;26;0.000022452
100;23;0.000021921
100;24;0.000021781
100;25;0.000022212
100;26;0.000022452
100;26;0.000021771
100;28;0.000040646
100;23;0.000031439
100;29;0.000032321
100;21;0.000032882
100;27;0.000030377
100;26;0.000024606
100;28;0.000025699
100;27;0.000031269
100;27;0.000024856
100;21;0.000023695
100;23;0.000028413
100;22;0.00003183
100;22;0.000024867
100;26;0.000023765
100;23;0.000022692
100;27;0.000023214
100;24;0.000029475
100;27;0.00002709
100;19;0.000023644
100;28;0.000022733
100;23;0.000022933
100;28;0.000023073
100;23;0.000022292
100;25;0.000022813
100;23;0.000060955
100;25;0.000024325
100;22;0.000023054
100;22;0.000022893
100;23;0.000022763
100;22;0.000022522
100;24;0.000027091
100;21;0.000024486
100;23;0.000022873
100;20;0.000022953
100;21;0.000022563
100;22;0.000022522
100;27;0.000022833
100;20;0.000023013
100;17;0.000024276
100;21;0.000030437
100;24;0.000029726
100;23;0.000029525
100;19;0.000022682
100;21;0.000021921
100;21;0.000023515
100;20;0.000023143
100;24;0.000022172
100;20;0.000021701
100;23;0.000022372
100;20;0.000021871
100;19;0.00002153
100;22;0.000022583
100;19;0.00002143
100;21;0.000021531
100;21;0.000021941
100;19;0.00002133
100;19;0.00002135
100;25;0.000022252
100;26;0.000022242
100;26;0.000023224
100;20;0.000027121
100;27;0.000024266
100;22;0.000024325
100;26;0.000023244
100;23;0.000023314
100;23;0.000022763
100;24;0.000022692
100;21;0.000022523
100;21;0.000022171
100;21;0.000021941
100;21;0.000021851
100;24;0.000022252
100;23;0.000021741
100;22;0.000023163
100;18;0.000021611
100;22;0.000022001
100;28;0.000022172
100;21;0.000022252
100;22;0.000022432
100;29;0.000022703
100;20;0.000021981
100;24;0.000022372
100;24;0.00002124
100;20;0.000021541
100;20;0.000021751
100;18;0.00002165
100;23;0.000022232
100;20;0.000022242
100;19;0.000021981
100;25;0.000038162
100;24;0.000026881
100;25;0.000025217
100;17;0.000023785
100;23;0.000023354
100;25;0.000024746
100;26;0.000023645
100;27;0.000023394
100;22;0.000023283
100;24;0.000022682
100;19;0.000022412
100;29;0.000023154
100;22;0.000022542
100;22;0.000022883
100;25;0.000022563
100;24;0.000022352
100;22;0.000022843
100;22;0.000021841
100;21;0.000022993
100;25;0.000023043
100;27;0.000023514
100;23;0.000022282
100;24;0.000022472
100;23;0.000022492
100;26;0.000084128
100;19;0.000023224
100;25;0.000022903
100;22;0.000023304
100;24;0.000022743
100;18;0.00002165
100;19;0.000022413
100;23;0.000025378
100;23;0.000025187
100;18;0.000024475
100;22;0.000023854
100;20;0.000024256
100;23;0.000024416
100;21;0.000022993
100;24;0.000045997
100;19;0.000026249
100;19;0.000023735
100;24;0.000023524
100;27;0.000023234
100;19;0.000023133
100;18;0.000023194
100;21;0.000023073
100;23;0.000037591
100;24;0.000024857
100;22;0.000024626
100;21;0.000023745
100;20;0.000022963
100;19;0.000023895
100;19;0.000023344
100;20;0.000023564
100;23;0.000022983
100;24;0.000023284
100;17;0.000023073
100;25;0.000023094
100;19;0.000022212
100;21;0.000022512
100;19;0.000023043
100;19;0.000025037
100;24;0.000025508
100;21;0.000024166
100;18;0.000023013
100;17;0.000022623
100;20;0.000023103
100;17;0.000023054
100;19;0.000037019
100;26;0.000025057
100;18;0.000022783
100;23;0.000037621
100;25;0.000025448
100;20;0.000024215
100;18;0.000023424
100;24;0.000023394
100;23;0.000023495
100;25;0.000023394
100;19;0.000023063
100;20;0.000023133
100;22;0.000022753
100;24;0.000023404
100;23;0.000023144
100;22;0.000023143
100;22;0.000022653
100;20;0.000022642
100;22;0.000022552
100;21;0.000022773
100;19;0.000022743
100;21;0.000022812
100;22;0.000022943
100;26;0.000025648
100;21;0.000024506
100;30;0.000025047
100;30;0.000024256
100;25;0.000023744
100;25;0.000038843
100;25;0.000024206
100;25;0.000023524
100;26;0.000022943
100;26;0.000022402
100;24;0.000023073
100;30;0.000023704
100;32;0.000023514
100;27;0.000022993
100;22;0.000023073
100;33;0.000023795
100;25;0.000022933
100;28;0.000022963
100;31;0.000023253
100;31;0.000023484
100;23;0.000023044
100;24;0.000022422
100;33;0.000022973
100;27;0.000023023
100;27;0.000023685
100;24;0.000022803
100;25;0.000022212
100;34;0.000023173
100;23;0.000022773
100;30;0.000023164
100;21;0.000024536
100;24;0.000040416
100;24;0.000024787
100;20;0.000023414
100;21;0.000023294
100;20;0.000024366
100;18;0.000022312
100;24;0.000023123
100;22;0.000022342
100;24;0.000022382
100;21;0.000023054
100;17;0.000022161
100;23;0.000022502
100;21;0.000022051
100;26;0.000022984
100;23;0.000022031
100;24;0.000022182
100;22;0.000021891
100;22;0.00002155
100;23;0.000021982
100;19;0.000022342
100;19;0.0000212
100;22;0.000022432
100;22;0.000022232
100;21;0.000021981
100;24;0.000021891
100;21;0.000022062
100;21;0.000022011
100;22;0.000021571
100;19;0.00002156
100;21;0.000026921
100;21;0.000025918
100;28;0.000024536
100;27;0.000023684
100;21;0.000023645
100;19;0.000023444
100;20;0.000022943
100;20;0.000023494
100;23;0.000023104
100;19;0.000022682
100;24;0.000023194
100;19;0.000023053
100;23;0.000023274
100;21;0.000021931
100;24;0.000023003
100;25;0.000023784
100;18;0.000023314
100;23;0.000022973
100;25;0.000023154
100;29;0.000024255
100;22;0.000023855
100;21;0.000023234
100;20;0.000023354
100;25;0.000022963
100;21;0.000022813
100;27;0.000023284
100;20;0.000023454
100;20;0.000022793
100;19;0.000029335
100;18;0.000024115
100;27;0.000027041
100;26;0.000025207
100;30;0.000025498
100;23;0.000024055
100;30;0.000023725
100;23;0.000023194
100;30;0.000023123
100;26;0.000022953
100;21;0.000022382
100;22;0.000022683
100;21;0.000022753
100;25;0.000023414
100;20;0.000022602
100;24;0.000023334
100;22;0.000022082
100;30;0.000022903
100;21;0.000022923
100;24;0.000022643
100;27;0.000022833
100;31;0.000023554
100;25;0.000023133
100;23;0.000022643
100;22;0.000022773
100;24;0.000023113
100;24;0.000022663
100;24;0.000022743
100;24;0.000022532
100;27;0.000022953
100;24;0.000022723
100;22;0.000022372
100;24;0.00002664
100;31;0.000025017
100;25;0.000023835
100;25;0.000022943
100;22;0.000023605
100;25;0.000023294
100;27;0.000023263
100;23;0.000023024
100;32;0.000023283
100;27;0.000022853
100;29;0.000023825
100;33;0.000022873
100;29;0.000022482
100;30;0.000023694
100;29;0.000022873
100;25;0.000023164
100;21;0.000022863
100;26;0.000022482
100;24;0.000022643
100;31;0.000022923
100;23;0.000023303
100;21;0.000022782
100;24;0.000022743
100;28;0.000023284
100;33;0.000022963
100;31;0.000022963
100;26;0.000022973
100;21;0.000022542
100;30;0.000022783
100;32;0.00003742
100;28;0.000026269
100;24;0.000024657
100;20;0.000023945
100;22;0.000023223
100;25;0.000023605
100;27;0.000023153
100;25;0.000023184
100;27;0.000023284
100;26;0.000022973
100;24;0.000023133
100;21;0.000022603
100;23;0.000022532
100;28;0.000023484
100;25;0.000022723
100;26;0.000023294
100;20;0.000022282
100;24;0.000022733
100;28;0.000023113
100;23;0.000023484
100;23;0.000023034
100;21;0.000022722
100;20;0.000022563
100;26;0.000022642
100;23;0.000022994
100;24;0.00003717
100;20;0.000030146
100;26;0.000029536
100;25;0.000076764
100;21;0.000023404
100;22;0.000023033
100;26;0.000033714
100;25;0.000029896
100;22;0.000031289
100;27;0.000030257
100;21;0.000029145
100;22;0.000029715
100;25;0.000030316
100;24;0.000028874
100;22;0.000028273
100;25;0.000029636
100;20;0.000028553
100;26;0.000027682
100;22;0.000048742
100;26;0.000029435
100;24;0.000029015
100;22;0.000027502
100;20;0.000027862
100;18;0.000028794
100;24;0.000028985
100;19;0.000029375
100;22;0.000028924
100;20;0.000029616
100;25;0.000030107
100;22;0.000029184
100;23;0.000028613
100;23;0.000028484
100;23;0.000029425
100;22;0.000028343
100;23;0.000027601
100;19;0.000029486
100;21;0.000034013
100;20;0.00003211
100;22;0.000032912
100;17;0.000031699
100;18;0.000031679
100;22;0.000030618
100;20;0.000029295
100;17;0.000029685
100;21;0.000029234
100;19;0.00002712
100;17;0.000030276
100;19;0.000028713
100;23;0.000030067
100;18;0.000029385
100;19;0.000028533
100;20;0.000027732
100;18;0.000030377
100;18;0.000029105
100;16;0.000029045
100;21;0.000030778
100;20;0.000027662
100;16;0.000022121
100;20;0.000022903
100;21;0.000022783
100;20;0.000023404
100;19;0.000022282
100;19;0.000022422
100;18;0.000022092
100;20;0.000022863
100;21;0.000022773
100;19;0.000026229
100;22;0.000024396
100;17;0.000024326
100;21;0.000023384
100;22;0.000023153
100;20;0.000022503
100;22;0.000021821
100;19;0.000022392
100;22;0.000022732
100;26;0.000022733
100;21;0.000022382
100;24;0.000022933
100;22;0.000022232
100;22;0.000022082
100;24;0.000021991
100;21;0.000021821
100;20;0.000022573
100;22;0.000021761
100;27;0.000022652
100;22;0.000022252
100;21;0.000021951
100;20;0.000021571
100;21;0.000022101
100;20;0.000021841
100;19;0.000021861
100;20;0.000021991
100;21;0.000022282
100;21;0.000022051
100;21;0.000021841
100;21;0.000022372
100;20;0.000026961
100;23;0.000024767
100;19;0.000023975
100;19;0.000023564
100;18;0.000023364
100;17;0.000022753
100;20;0.000022983
100;16;0.000022552
100;21;0.000023144
100;16;0.000023604
100;21;0.000023474
100;21;0.000023374
100;19;0.000022603
100;20;0.000022612
100;21;0.000023054
100;16;0.000022212
100;21;0.000022432
100;21;0.000022572
100;15;0.000022703
100;22;0.000022813
100;21;0.000022592
100;19;0.000022763
100;17;0.000022212
100;17;0.000022512
100;20;0.000022513
100;19;0.000022983
100;19;0.000022793
100;17;0.000035897
100;18;0.000023895
100;20;0.000022743
100;24;0.000025317
100;21;0.0000265
100;23;0.000024556
100;23;0.000025007
100;27;0.000024506
100;22;0.000023864
100;21;0.000022883
100;29;0.000023475
100;23;0.000022842
100;25;0.000022953
100;24;0.000022712
100;24;0.000023495
100;26;0.000024165
100;20;0.000023594
100;20;0.000023374
100;21;0.000023454
100;32;0.000023584
100;28;0.000023855
100;24;0.000023293
100;31;0.000023263
100;24;0.000023464
100;24;0.000023064
100;23;0.000022993
100;23;0.000084769
100;26;0.000023995
100;24;0.000023183
100;22;0.000023394
100;24;0.000023073
100;19;0.000022943
100;28;0.000023384
100;18;0.000025458
100;17;0.000024295
100;20;0.000023635
100;28;0.000023354
100;20;0.000023434
100;26;0.000023464
100;21;0.000023254
100;24;0.000023063
100;22;0.000022522
100;25;0.000022713
100;21;0.000022342
100;25;0.000023053
100;26;0.000022812
100;23;0.000023364
100;19;0.000022292
100;24;0.000022372
100;21;0.000037932
100;23;0.000023704
100;19;0.000022042
100;19;0.000022422
100;24;0.000022011
100;21;0.000022953
100;18;0.000022362
100;21;0.000022522
100;23;0.000022502
100;23;0.000022603
100;20;0.000022151
100;28;0.000023114
100;26;0.000023785
100;24;0.000023344
100;23;0.000025068
100;27;0.000025217
100;23;0.000024085
100;26;0.000024246
100;23;0.000023564
100;23;0.000023023
100;22;0.000023724
100;28;0.000023955
100;23;0.000023414
100;21;0.000023845
100;24;0.000023154
100;24;0.000036809
100;23;0.000025798
100;22;0.000023224
100;25;0.000044033
100;23;0.000024486
100;26;0.000024055
100;30;0.000023835
100;23;0.000023664
100;25;0.000023413
100;25;0.000023393
100;23;0.000022782
100;22;0.000022843
100;27;0.000023484
100;24;0.000023674
100;24;0.000023174
100;20;0.000023173
100;26;0.000023174
100;23;0.000022662
100;24;0.000022853
100;23;0.000025248
100;24;0.000023364
100;22;0.000023133
100;17;0.000022873
100;18;0.000022262
100;20;0.000022322
100;21;0.000036438
100;20;0.000023444
100;18;0.000022372
100;19;0.000021991
100;17;0.000021571
100;20;0.00002153
100;21;0.000022482
100;18;0.00002115
100;20;0.00002138
100;20;0.0000213
100;19;0.000021079
100;18;0.00002098
100;17;0.000021781
100;17;0.000021209
100;20;0.00002177
100;21;0.000022002
100;19;0.00002143
100;20;0.000021511
100;22;0.0000214
100;18;0.0000213
100;20;0.00002144
100;19;0.000021471
100;23;0.000021781
100;21;0.00002139
600;48;0.000205095
600;52;0.000153148
600;67;0.000252193
600;69;0.000190708
600;63;0.000152246
600;80;0.000155252
600;56;0.000157385
600;74;0.000248887
600;77;0.000150312
600;73;0.000148719
600;82;0.000150062
600;65;0.000150462
600;73;0.000151344
600;74;0.000165201
600;79;0.000150282
600;67;0.00014932
600;62;0.00014903
600;80;0.000148929
600;56;0.000148649
600;60;0.000148619
600;75;0.000166192
600;64;0.000148829
600;68;0.00014929
600;61;0.000148478
600;58;0.00014913
600;63;0.000149361
600;77;0.000162796
600;63;0.000150442
600;55;0.000150783
600;53;0.000150213
600;27;0.000190438
600;34;0.000171592
600;33;0.000156494
600;34;0.000144691
600;36;0.000151374
600;31;0.000150142
600;31;0.000148659
600;37;0.000162645
600;37;0.00015415
600;34;0.000150102
600;30;0.000148519
600;36;0.000148789
600;37;0.000151114
600;42;0.000150873
600;38;0.000195067
600;35;0.000150653
600;38;0.000150622
600;29;0.000150552
600;32;0.000149681
600;39;0.000149982
600;32;0.000162615
600;35;0.000150652
600;35;0.000149491
600;31;0.000148329
600;36;0.000148438
600;31;0.00014924
600;37;0.000149661
600;46;0.000166022
600;35;0.000149801
600;32;0.000148088
600;52;0.000181551
600;60;0.000179957
600;56;0.000168255
600;45;0.000152065
600;49;0.000178856
600;55;0.000168617
600;56;0.000150813
600;58;0.000151264
600;59;0.000174338
600;40;0.000153708
600;43;0.000151605
600;52;0.000150763
600;42;0.000150122
600;46;0.000151565
600;46;0.000149641
600;45;0.000163717
600;48;0.000149571
600;50;0.000149762
600;53;0.000148589
600;41;0.000148819
600;50;0.00014926
600;63;0.000167956
600;57;0.00018132
600;65;0.000151074
600;56;0.000150994
600;43;0.000150502
600;51;0.000148449
600;49;0.000152867
600;42;0.000214262
600;44;0.000150091
600;47;0.000190969
600;41;0.000219472
600;52;0.000155171
600;49;0.000152407
600;39;0.000151554
600;37;0.000151214
600;49;0.000149301
600;50;0.000165951
600;41;0.000152958
600;36;0.000150322
600;51;0.000152596
600;51;0.000151785
600;43;0.000150953
600;40;0.000152486
600;47;0.00017046
600;44;0.000151544
600;41;0.000151635
600;38;0.000152767
600;54;0.000149911
600;45;0.000150773
600;44;0.000162946
600;51;0.000292467
600;47;0.000233949
600;44;0.000157135
600;52;0.000155122
600;42;0.000190664
600;44;0.000206007
600;54;0.000155432
600;50;0.000154911
600;39;0.000152175
600;43;0.000193183
600;38;0.00015464
600;39;0.000151495
600;47;0.000152576
600;50;0.000166192
600;59;0.000152016
600;50;0.000150703
600;45;0.000150242
600;47;0.000150994
600;44;0.000146034
600;52;0.000168597
600;51;0.000150523
600;53;0.000155692
600;49;0.000163467
600;43;0.000159129
600;43;0.000150823
600;40;0.000150242
600;53;0.000168096
600;46;0.000151274
600;47;0.000151795
600;47;0.000156083
600;55;0.000150102
600;54;0.000149752
600;48;0.000166733
600;40;0.000149591
600;45;0.000150372
600;40;0.000149902
600;51;0.000150482
600;41;0.000150423
600;45;0.000149961
600;43;0.000191159
600;44;0.000151805
600;41;0.000149862
600;35;0.000151053
600;39;0.00014915
600;43;0.000162775
600;43;0.000148729
600;46;0.000147416
600;46;0.000149962
600;38;0.00014887
600;39;0.000148569
600;45;0.000167164
600;40;0.000151704
600;36;0.000149911
600;37;0.000148439
600;45;0.000149611
600;48;0.000147557
600;45;0.00014933
600;45;0.000165171
600;40;0.00014929
600;43;0.000147126
600;46;0.000147257
600;53;0.000148809
600;50;0.000148138
600;39;0.000161443
600;45;0.000148769
600;40;0.000147367
600;39;0.000150032
600;34;0.000148048
600;46;0.000148358
600;45;0.00020217
600;41;0.000155903
600;48;0.000153047
600;45;0.000150212
600;54;0.000151395
600;45;0.000153929
600;49;0.000152316
600;47;0.000168606
600;54;0.000155172
600;46;0.000150553
600;50;0.000151314
600;44;0.000152837
600;39;0.000151294
600;48;0.000165621
600;52;0.000153238
600;50;0.000150683
600;48;0.000150893
600;47;0.000150473
600;43;0.000150222
600;41;0.000153278
600;51;0.000214132
600;46;0.000150923
600;41;0.000150513
600;53;0.000149871
600;57;0.000150672
600;48;0.00014913
600;37;0.000167745
600;44;0.000150652
600;55;0.000159639
600;37;0.000206578
600;44;0.000232366
600;47;0.000156333
600;42;0.000152146
600;42;0.000151655
600;36;0.000165861
600;58;0.000158387
600;58;0.000152356
600;48;0.000150242
600;45;0.000151625
600;45;0.000151845
600;38;0.000152687
600;45;0.000168436
600;45;0.000151946
600;39;0.000148589
600;43;0.00014925
600;46;0.000150753
600;43;0.000150563
600;39;0.00016505
600;37;0.000198943
600;38;0.000152245
600;53;0.000153357
600;43;0.000151785
600;43;0.000153748
600;41;0.000151735
600;46;0.000171863
600;43;0.000151445
600;41;0.000151264
600;44;0.000152175
600;51;0.000150222
600;50;0.000165651
600;51;0.000192902
600;48;0.00019182
600;64;0.00015429
600;51;0.000152586
600;66;0.000151585
600;64;0.000151544
600;61;0.000151916
600;46;0.00018664
600;60;0.000151715
600;66;0.000149781
600;48;0.000152265
600;46;0.000151545
600;45;0.000151204
600;47;0.00016486
600;68;0.000157205
600;49;0.000150152
600;48;0.000150432
600;67;0.000145543
600;55;0.000152296
600;56;0.000150673
600;62;0.000168677
600;53;0.000151615
600;54;0.000149981
600;73;0.000151705
600;52;0.000150182
600;62;0.000150894
600;72;0.00016526
600;65;0.000153769
600;53;0.000149681
600;54;0.000149912
600;46;0.000182112
600;36;0.000151875
600;48;0.000168205
600;44;0.000171872
600;39;0.00014907
600;37;0.000150503
600;36;0.000147878
600;38;0.0001494
600;37;0.00014884
600;42;0.00016517
600;34;0.00014895
600;48;0.000148679
600;40;0.00014937
600;39;0.000149671
600;40;0.000149781
600;40;0.000165671
600;43;0.000149871
600;38;0.000149201
600;37;0.000148829
600;46;0.000149341
600;49;0.000189165
600;36;0.000160622
600;39;0.000150823
600;50;0.000150002
600;40;0.000147807
600;37;0.000148449
600;41;0.000148539
600;39;0.000149591
600;52;0.000166803
600;36;0.000150342
600;43;0.000189856
600;41;0.000153579
600;34;0.000151855
600;37;0.000169318
600;35;0.000149681
600;48;0.00014922
600;45;0.000151054
600;41;0.000149621
600;41;0.00014926
600;39;0.000166443
600;43;0.000243347
600;45;0.000149851
600;41;0.000150042
600;39;0.000149431
600;40;0.000147887
600;39;0.000184766
600;44;0.000150152
600;48;0.000150803
600;47;0.00014924
600;41;0.00014926
600;41;0.000149631
600;44;0.000163808
600;37;0.000153308
600;42;0.000148829
600;41;0.000150101
600;48;0.000149922
600;46;0.000149541
600;42;0.00014908
600;47;0.000168296
600;35;0.00015996
600;50;0.000188494
600;47;0.00015423
600;41;0.000152096
600;43;0.000183304
600;46;0.000166192
600;47;0.000152717
600;39;0.000151124
600;37;0.000151083
600;46;0.000149691
600;37;0.000150672
600;42;0.00016511
600;48;0.000151314
600;57;0.000152606
600;47;0.000151325
600;37;0.000151023
600;50;0.000150022
600;51;0.000149941
600;44;0.000187872
600;44;0.000151405
600;41;0.000148899
600;43;0.000149932
600;34;0.000166292
600;41;0.000177844
600;48;0.00017003
600;47;0.000151905
600;43;0.000149992
600;48;0.000156053
600;43;0.000150172
600;45;0.00017036
600;55;0.000192702
600;51;0.000199364
600;59;0.000155512
600;63;0.000171783
600;65;0.000153378
600;45;0.000152065
600;45;0.000152096
600;57;0.000151194
600;52;0.000150603
600;49;0.000167304
600;53;0.00015454
600;51;0.000152437
600;58;0.000150462
600;49;0.000150533
600;52;0.000151615
600;52;0.000151184
600;48;0.000166873
600;47;0.000150503
600;46;0.000150512
600;55;0.000152056
600;52;0.000151314
600;46;0.000275418
600;57;0.000219992
600;48;0.000152225
600;51;0.000152026
600;52;0.000151625
600;49;0.000151404
600;63;0.000149811
600;52;0.000171562
600;56;0.000152045
600;60;0.000150132
600;60;0.000199103
600;54;0.000156233
600;55;0.000192811
600;50;0.000157736
600;56;0.000153217
600;40;0.000151384
600;54;0.000151484
600;44;0.000150503
600;45;0.00016513
600;58;0.000153999
600;50;0.000150443
600;55;0.000152837
600;42;0.000150683
600;41;0.000150913
600;50;0.000149942
600;49;0.000167765
600;45;0.000151074
600;54;0.000148749
600;59;0.000150282
600;42;0.000151294
600;57;0.000151495
600;50;0.000149731
600;52;0.000167274
600;48;0.000166423
600;50;0.000150352
600;44;0.000150563
600;55;0.000149942
600;47;0.000148599
600;45;0.000181771
600;54;0.000151695
600;50;0.000327334
600;37;0.000153688
600;50;0.000150272
600;43;0.000150943
600;42;0.000192652
600;50;0.000151344
600;50;0.000149491
600;44;0.00014917
600;51;0.000149671
600;57;0.000150102
600;53;0.00017056
600;52;0.000151214
600;50;0.000164469
600;51;0.000150984
600;51;0.000150012
600;50;0.000147837
600;44;0.000163407
600;53;0.000151214
600;55;0.000149781
600;56;0.000151164
600;64;0.000151335
600;42;0.000148649
600;55;0.000149571
600;53;0.000167184
600;46;0.000150272
600;63;0.000149941
600;43;0.000148468
600;55;0.000148619
600;55;0.00014881
600;44;0.000149911
600;44;0.000192321
600;48;0.000170069
600;35;0.000152386
600;43;0.000151675
600;33;0.000149951
600;39;0.000150633
600;41;0.00014898
600;40;0.000164158
600;31;0.000161824
600;37;0.000151364
600;44;0.000150132
600;31;0.00014881
600;39;0.00014928
600;41;0.0001491
600;40;0.000165791
600;47;0.000148919
600;46;0.000150563
600;42;0.000149481
600;42;0.000149671
600;33;0.000150693
600;44;0.00016519
600;45;0.000150803
600;35;0.000150854
600;38;0.000148118
600;42;0.000148889
600;45;0.000150283
600;43;0.000150322
600;42;0.000163597
600;37;0.000148349
600;44;0.000148248
600;34;0.000183615
600;35;0.000177132
600;38;0.000172644
600;35;0.000183705
600;31;0.000187262
600;36;0.000198232
600;38;0.000212609
600;33;0.000150533
600;40;0.000149821
600;34;0.000148269
600;44;0.000165981
600;36;0.000150282
600;37;0.000178846
600;36;0.000154911
600;33;0.000148007
600;35;0.000147517
600;36;0.000148689
600;35;0.000147036
600;42;0.00014909
600;32;0.000167114
600;41;0.000147527
600;40;0.000147337
600;45;0.000148889
600;31;0.000148509
600;35;0.000147838
600;35;0.000148178
600;29;0.000213932
600;35;0.0001542
600;37;0.000152206
600;44;0.000151554
600;45;0.000189806
600;42;0.000168637
600;35;0.000151314
600;39;0.000147226
600;44;0.000150032
600;35;0.00014892
600;46;0.00014942
600;40;0.000149
600;40;0.000240221
600;42;0.000151405
600;38;0.000148739
600;45;0.00016506
600;41;0.000150873
600;39;0.00014902
600;39;0.000163387
600;47;0.00014899
600;35;0.000147978
600;39;0.0001492
600;39;0.00014907
600;37;0.00014924
600;44;0.000216106
600;47;0.000150623
600;42;0.000149651
600;41;0.000147237
600;35;0.000147657
600;48;0.000147677
600;43;0.000164379
600;46;0.000151054
600;46;0.00014928
600;41;0.000148208
600;45;0.000195297
600;43;0.000185118
600;41;0.000150803
600;42;0.000151805
600;56;0.000151465
600;51;0.000165841
600;46;0.000152226
600;38;0.000149401
600;43;0.00014939
600;55;0.000150092
600;59;0.000152597
600;57;0.000167725
600;46;0.000177884
600;46;0.000179747
600;44;0.00018609
600;51;0.000183835
600;49;0.000150222
600;52;0.000175279
600;50;0.000165952
600;36;0.000200126
600;53;0.00018086
600;37;0.000149019
600;53;0.000150744
600;46;0.000185889
600;43;0.000150993
600;35;0.000149591
600;47;0.000149791
600;59;0.0001496
600;51;0.000167975
600;49;0.000171482
600;37;0.000194135
600;35;0.000153568
600;40;0.000154501
600;42;0.000152085
600;36;0.000151154
600;39;0.000168577
600;41;0.000150202
600;46;0.000151204
600;42;0.000151795
600;37;0.000150412
600;43;0.000150012
600;43;0.000168266
600;34;0.000151084
600;40;0.000162615
600;40;0.000151324
600;44;0.000152397
600;44;0.000150673
600;43;0.000163416
600;35;0.000152907
600;51;0.000149029
600;41;0.00014925
600;46;0.000148849
600;39;0.000149732
600;42;0.00014914
600;38;0.00016539
600;49;0.000150202
600;47;0.000150333
600;41;0.000149561
600;32;0.000149901
600;48;0.000150342
600;40;0.000189335
600;37;0.000152686
600;41;0.000170791
600;43;0.000153759
600;43;0.000152286
600;46;0.000151154
600;53;0.000150592
600;47;0.000150412
600;47;0.000166623
600;41;0.000153208
600;41;0.000152386
600;32;0.000150963
600;49;0.000151094
600;45;0.000148128
600;48;0.000150253
600;39;0.000172473
600;41;0.000174207
600;48;0.000183204
600;45;0.000150222
600;47;0.000148779
600;41;0.000147407
600;40;0.000173937
600;48;0.00014909
600;42;0.00014902
600;35;0.000148699
600;48;0.000149841
600;39;0.000147688
600;54;0.000168987
600;51;0.000258185
600;35;0.000177724
600;35;0.000226595
600;34;0.000171583
600;34;0.000152145
600;30;0.000151916
600;33;0.000151464
600;33;0.000150723
600;40;0.000151775
600;36;0.00017041
600;38;0.000153118
600;33;0.000151454
600;34;0.000152176
600;38;0.000150803
600;34;0.000155492
600;44;0.000169118
600;36;0.000149942
600;32;0.000149921
600;39;0.00014879
600;32;0.00014906
600;43;0.000149029
600;43;0.00014946
600;39;0.000184096
600;38;0.00014896
600;33;0.000148368
600;38;0.000150914
600;34;0.000149871
600;36;0.000149862
600;43;0.000165861
600;42;0.000150803
600;32;0.000149651
600;39;0.000149691
600;44;0.000192031
600;45;0.000155803
600;50;0.000153408
600;41;0.000169107
600;44;0.000150733
600;46;0.000149971
600;44;0.000150252
600;49;0.000150814
600;41;0.000150723
600;46;0.000168827
600;47;0.000152276
600;49;0.000151715
600;35;0.000150743
600;53;0.000151755
600;49;0.000151975
600;50;0.000150974
600;46;0.000168226
600;51;0.000177914
600;49;0.000183665
600;57;0.000173857
600;44;0.000151194
600;47;0.000150452
600;51;0.000166243
600;50;0.000150913
600;46;0.00014933
600;48;0.000151354
600;47;0.000150051
600;39;0.000149861
600;48;0.000166893
600;41;0.000151585
600;52;0.000216487
600;59;0.000156434
600;47;0.000151715
600;52;0.000152376
600;56;0.000151525
600;53;0.000153838
600;51;0.000167174
600;48;0.000152276
600;62;0.000167144
600;52;0.000150573
600;59;0.000152086
600;51;0.000150472
600;49;0.00016466
600;63;0.000151093
600;61;0.000149862
600;53;0.000149941
600;61;0.000151124
600;52;0.000149932
600;50;0.00014925
600;58;0.000164018
600;59;0.00014904
600;52;0.00014931
600;60;0.000151425
600;60;0.000149871
600;48;0.000150363
600;55;0.000163386
600;40;0.000153738
600;44;0.000149541
600;40;0.000148309
600;39;0.000147697
600;43;0.000198423
600;45;0.000156083
600;41;0.000153368
600;35;0.000218681
600;44;0.000151645
600;43;0.000149551
600;48;0.000165781
600;47;0.000153398
600;48;0.000152286
600;53;0.000167705
600;46;0.000152557
600;44;0.000151234
600;49;0.000151093
600;43;0.000155462
600;37;0.000152015
600;48;0.000151855
600;42;0.000167525
600;49;0.000150863
600;45;0.000150603
600;47;0.000151204
600;37;0.000150422
600;34;0.000149019
600;41;0.000169048
600;45;0.000157586
600;39;0.000174277
600;50;0.00014927
600;45;0.000149281
600;54;0.000150563
600;41;0.000147176
600;41;0.000188113
600;35;0.000285897
600;52;0.000157125
600;42;0.000151294
600;53;0.000150653
600;38;0.000150482
600;47;0.000151996
600;40;0.000165991
600;44;0.000151063
600;48;0.000149521
600;48;0.000150653
600;38;0.000149461
600;42;0.000150142
600;44;0.000164058
600;40;0.000164929
600;49;0.000151354
600;43;0.00014948
600;37;0.000179207
600;51;0.000150783
600;49;0.000151774
600;49;0.000167925
600;45;0.000150793
600;52;0.000150443
600;40;0.00014948
600;42;0.000149641
600;46;0.000150142
600;50;0.000164129
600;45;0.000150152
600;47;0.000180048
600;33;0.000148258
600;42;0.000150102
600;48;0.000193513
600;41;0.000171452
600;42;0.000153038
600;33;0.000151925
600;49;0.000151825
600;46;0.000149561
600;41;0.000149841
600;37;0.000149802
600;41;0.000229581
600;46;0.000152707
600;42;0.000151454
600;45;0.000150262
600;41;0.000149982
600;45;0.00014901
600;46;0.00016532
600;43;0.000149792
600;37;0.000148969
600;40;0.000150463
600;46;0.000148329
600;38;0.000149711
600;46;0.000150172
600;38;0.000166162
600;44;0.000151945
600;38;0.000149992
600;45;0.000150232
600;42;0.00014901
600;39;0.00014912
600;43;0.000166823
600;33;0.000151885
600;41;0.000149851
600;46;0.000216105
600;53;0.000155031
600;56;0.000151173
600;41;0.000153027
600;43;0.000174858
600;44;0.000150743
600;44;0.000148779
600;51;0.000148749
600;51;0.000151515
600;63;0.000149511
600;51;0.000161864
600;47;0.000231274
600;58;0.000150643
600;58;0.000150082
600;50;0.000149871
600;57;0.000150783
600;59;0.000150743
600;58;0.000214152
600;55;0.000151144
600;55;0.000149961
600;52;0.000150212
600;54;0.000148509
600;60;0.000149391
600;43;0.000163527
600;48;0.00014924
600;51;0.0001488
600;60;0.00015994
600;52;0.000150503
600;49;0.000151254
600;61;0.000166082
600;46;0.000193103
600;53;0.000157005
600;43;0.000152146
600;44;0.000168346
600;50;0.000152817
600;38;0.000153057
600;43;0.000152737
600;41;0.000151845
600;48;0.000152647
600;51;0.000168687
600;39;0.000152446
600;48;0.000150914
600;45;0.000150642
600;48;0.000151836
600;43;0.000151484
600;52;0.000150382
600;41;0.000201738
600;48;0.000151846
600;39;0.000151915
600;48;0.000150933
600;52;0.000151335
600;44;0.000150152
600;42;0.00016543
600;48;0.000151625
600;38;0.000162205
600;45;0.000149911
600;53;0.000152907
600;37;0.000150473
600;44;0.000164689
600;36;0.000155402
600;42;0.000187032
600;39;0.000153298
600;43;0.00017084
600;44;0.000168807
600;30;0.000149901
600;42;0.000149621
600;46;0.00017058
600;38;0.000181361
600;41;0.00019686
600;36;0.000220915
600;39;0.000198773
600;45;0.000203051
600;52;0.000201177
600;43;0.000162566
600;34;0.000168476
600;40;0.000150683
600;41;0.000151424
600;40;0.000149411
600;37;0.000151144
600;41;0.000151034
600;34;0.000204083
600;37;0.000153678
600;40;0.000151134
600;31;0.000150864
600;47;0.000150021
600;38;0.000149431
600;42;0.000163888
600;42;0.000150963
600;44;0.000150443
600;43;0.000150723
1100;54;0.00033044
1100;56;0.000301676
1100;53;0.00028228
1100;69;0.000285156
1100;53;0.000279905
1100;71;0.000296747
1100;46;0.00031442
1100;52;0.000279375
1100;65;0.000299572
1100;58;0.000279485
1100;60;0.000279725
1100;53;0.000298871
1100;66;0.000350729
1100;57;0.000280186
1100;70;0.000280537
1100;53;0.000317426
1100;50;0.000336151
1100;66;0.000353494
1100;49;0.0002981
1100;53;0.000279104
1100;59;0.000279354
1100;60;0.000299682
1100;56;0.000282901
1100;50;0.000278713
1100;54;0.000294553
1100;46;0.000295705
1100;48;0.000278173
1100;44;0.00027687
1100;53;0.000325761
1100;56;0.000281619
1100;60;0.000563979
1100;72;0.000306686
1100;59;0.000285686
1100;69;0.000296257
1100;65;0.000284905
1100;56;0.000279495
1100;52;0.00029858
1100;59;0.000279565
1100;75;0.000276289
1100;56;0.000278453
1100;61;0.000294282
1100;71;0.000278663
1100;63;0.000279274
1100;67;0.000326774
1100;64;0.000280196
1100;61;0.000279094
1100;69;0.000290746
1100;70;0.00028231
1100;52;0.000313779
1100;71;0.000280627
1100;63;0.00029263
1100;48;0.000280727
1100;68;0.000281068
1100;56;0.000292439
1100;63;0.000282911
1100;51;0.000278233
1100;66;0.000278112
1100;49;0.000295435
1100;74;0.000279695
1100;55;0.000278102
1100;56;0.000342834
1100;46;0.000283011
1100;56;0.000327355
1100;68;0.000281599
1100;70;0.00028214
1100;71;0.000289814
1100;54;0.000280387
1100;52;0.000279925
1100;77;0.000350277
1100;46;0.00037287
1100;59;0.000278012
1100;55;0.000278783
1100;60;0.000346871
1100;54;0.000286098
1100;49;0.000283973
1100;54;0.000297248
1100;64;0.000280046
1100;58;0.000277691
1100;64;0.000296768
1100;73;0.000521824
1100;64;0.000286047
1100;53;0.000435553
1100;63;0.000305203
1100;55;0.000287069
1100;52;0.000322627
1100;55;0.00028785
1100;57;0.000283102
1100;56;0.000314339
1100;56;0.000284273
1100;47;0.000281238
1100;51;0.000352753
1100;40;0.000302137
1100;52;0.00028203
1100;49;0.000278964
1100;38;0.000284854
1100;38;0.000298922
1100;53;0.000278413
1100;39;0.000278633
1100;49;0.000299081
1100;39;0.000280115
1100;47;0.00027736
1100;58;0.000277942
1100;43;0.000296026
1100;50;0.000279535
1100;53;0.000277892
1100;45;0.000299232
1100;37;0.000311875
1100;47;0.000277961
1100;45;0.000278263
1100;50;0.000293681
1100;44;0.000279244
1100;41;0.000279655
1100;52;0.000294443
1100;50;0.000276259
1100;47;0.000279575
1100;54;0.000342172
1100;43;0.00028235
1100;38;0.000279746
1100;41;0.000278493
1100;52;0.000297007
1100;49;0.000347382
1100;69;0.000326934
1100;55;0.000283893
1100;60;0.000283412
1100;63;0.000299172
1100;65;0.00028189
1100;63;0.000281739
1100;64;0.000295925
1100;63;0.000283493
1100;74;0.000763578
1100;63;0.000386976
1100;57;0.000287931
1100;55;0.00037262
1100;54;0.000282911
1100;75;0.00028728
1100;64;0.000294633
1100;62;0.000351961
1100;65;0.000358042
1100;59;0.000380705
1100;62;0.000283452
1100;67;0.000280777
1100;64;0.000280015
1100;79;0.000302548
1100;61;0.000281288
1100;75;0.000280767
1100;53;0.000305945
1100;53;0.000279965
1100;69;0.00028194
1100;66;0.00028264
1100;68;0.000328809
1100;71;0.000536898
1100;47;0.000285186
1100;59;0.000310643
1100;54;0.000286117
1100;54;0.000400202
1100;53;0.000415179
1100;56;0.000385213
1100;59;0.00044739
1100;56;0.00038349
1100;54;0.000378661
1100;53;0.000397567
1100;51;0.000366979
1100;64;0.000387357
1100;48;0.000391095
1100;61;0.000379302
1100;45;0.000402967
1100;44;0.000393629
1100;55;0.000391966
1100;50;0.000400151
1100;65;0.000384542
1100;60;0.000395612
1100;59;0.000383891
1100;55;0.000382368
1100;50;0.000429467
1100;53;0.000385013
1100;60;0.000398929
1100;53;0.000383981
1100;59;0.000381767
1100;51;0.000436179
1100;62;0.000386556
1100;56;0.000331683
1100;48;0.0002876
1100;64;0.000317816
1100;58;0.0002824
1100;48;0.000284193
1100;59;0.000296115
1100;73;0.000282901
1100;49;0.000341972
1100;58;0.000313729
1100;52;0.000296757
1100;48;0.000289063
1100;63;0.000318508
1100;72;0.000301146
1100;51;0.000279695
1100;55;0.000283031
1100;58;0.000347732
1100;56;0.000284504
1100;68;0.000279434
1100;71;0.000281999
1100;57;0.000297749
1100;69;0.000280687
1100;58;0.000280166
1100;69;0.000301787
1100;54;0.000282931
1100;68;0.000279455
1100;59;0.000309571
1100;62;0.000296626
1100;50;0.000279494
1100;63;0.000280216
1100;63;0.000299792
1100;63;0.000360026
1100;62;0.000283362
1100;60;0.000283923
1100;63;0.000280828
1100;72;0.000301516
1100;79;0.000285235
1100;67;0.000284574
1100;61;0.000330641
1100;46;0.000281558
1100;54;0.000279816
1100;69;0.000281058
1100;58;0.000297288
1100;70;0.000280887
1100;57;0.000281289
1100;66;0.000300804
1100;61;0.000296878
1100;77;0.000280316
1100;67;0.000280016
1100;63;0.000297178
1100;66;0.00028193
1100;76;0.000280837
1100;75;0.000297328
1100;77;0.00028202
1100;74;0.000281248
1100;52;0.000279465
1100;73;0.00029846
1100;67;0.000278333
1100;65;0.000281508
1100;59;0.000347732
1100;74;0.000279875
1100;42;0.000335791
1100;63;0.00030876
1100;49;0.000286277
1100;67;0.000284925
1100;52;0.000326082
1100;59;0.000287851
1100;51;0.000299642
1100;51;0.000306555
1100;44;0.000285917
1100;64;0.000286438
1100;62;0.000285626
1100;67;0.000299402
1100;51;0.000319269
1100;52;0.000349076
1100;60;0.000299302
1100;51;0.000285295
1100;40;0.000287691
1100;66;0.000296076
1100;59;0.000282841
1100;60;0.000281128
1100;55;0.00028253
1100;50;0.000299613
1100;47;0.00028229
1100;57;0.000294092
1100;49;0.000303039
1100;45;0.000287891
1100;50;0.000280747
1100;61;0.000367109
1100;45;0.000283251
1100;45;0.00028211
1100;57;0.000341821
1100;66;0.000299282
1100;57;0.000282019
1100;53;0.000279605
1100;82;0.000279916
1100;70;0.000296286
1100;66;0.000296427
1100;54;0.000279355
1100;57;0.000295454
1100;65;0.000277632
1100;55;0.000283662
1100;68;0.000280497
1100;60;0.000305363
1100;62;0.000278502
1100;67;0.000278182
1100;55;0.000335069
1100;65;0.000277621
1100;74;0.000279185
1100;58;0.000280126
1100;65;0.000296416
1100;63;0.000286649
1100;59;0.000278903
1100;65;0.000308109
1100;69;0.000281258
1100;67;0.000278633
1100;48;0.000279816
1100;61;0.000295294
1100;63;0.000276339
1100;56;0.000278303
1100;61;0.000300233
1100;50;0.000342503
1100;62;0.000304071
1100;52;0.000282671
1100;66;0.000281218
1100;59;0.000367165
1100;50;0.000287449
1100;56;0.000281268
1100;59;0.000281077
1100;63;0.000309331
1100;59;0.000279956
1100;62;0.000285416
1100;60;0.000297769
1100;50;0.000279385
1100;40;0.000278242
1100;53;0.000277922
1100;51;0.000294533
1100;61;0.000278373
1100;43;0.000279354
1100;52;0.000333677
1100;42;0.000280717
1100;54;0.000280236
1100;44;0.000310383
1100;69;0.000333186
1100;54;0.000278934
1100;47;0.000279785
1100;59;0.000296166
1100;56;0.000282641
1100;60;0.000279144
1100;44;0.000293962
1100;56;0.000279655
1100;60;0.000329478
1100;67;0.000280647
1100;82;0.000304051
1100;76;0.0002929
1100;77;0.000279294
1100;77;0.000280898
1100;61;0.000297618
1100;60;0.000276148
1100;57;0.000275547
1100;84;0.000297939
1100;64;0.000278894
1100;76;0.000276549
1100;63;0.000278533
1100;58;0.000293481
1100;85;0.000278132
1100;88;0.000277792
1100;61;0.000329048
1100;53;0.000277611
1100;77;0.000277601
1100;72;0.000279134
1100;81;0.000295915
1100;82;0.00029254
1100;56;0.000277601
1100;57;0.000352722
1100;65;0.00035728
1100;67;0.000315792
1100;68;0.000326763
1100;75;0.000278683
1100;67;0.000277101
1100;74;0.000290565
1100;54;0.000330581
1100;61;0.000336903
1100;43;0.00028234
1100;45;0.000279054
1100;69;0.000281969
1100;46;0.000342198
1100;50;0.000280176
1100;52;0.000279735
1100;68;0.000300334
1100;43;0.000277982
1100;64;0.000301136
1100;66;0.000278533
1100;57;0.000295845
1100;63;0.000277922
1100;53;0.000304221
1100;69;0.000368041
1100;51;0.000276639
1100;51;0.000280096
1100;69;0.000292399
1100;55;0.000277481
1100;59;0.000278683
1100;53;0.00027712
1100;43;0.000293982
1100;50;0.000278363
1100;50;0.00027734
1100;53;0.000295886
1100;60;0.000279565
1100;56;0.000278623
1100;52;0.000276269
1100;58;0.000293972
1100;61;0.000515628
1100;74;0.000308699
1100;70;0.000282912
1100;63;0.000300584
1100;79;0.000283613
1100;69;0.000301386
1100;83;0.000283762
1100;71;0.000281829
1100;71;0.000300634
1100;79;0.000280367
1100;78;0.00028221
1100;64;0.000281979
1100;76;0.000298471
1100;57;0.00028242
1100;72;0.000280236
1100;81;0.000362491
1100;65;0.000281288
1100;68;0.000280407
1100;83;0.000350177
1100;70;0.000287941
1100;74;0.000297268
1100;81;0.000280217
1100;86;0.000297899
1100;72;0.000279064
1100;61;0.000278573
1100;73;0.000302578
1100;76;0.000283603
1100;75;0.000281088
1100;64;0.000280797
1100;75;0.000296567
1100;76;0.00045271
1100;51;0.000303781
1100;84;0.000286207
1100;67;0.000295465
1100;62;0.000300154
1100;61;0.000304361
1100;72;0.00028221
1100;66;0.000297288
1100;73;0.000346962
1100;61;0.000354565
1100;69;0.00038862
1100;68;0.000364014
1100;76;0.000334789
1100;67;0.000318948
1100;63;0.000279685
1100;53;0.000282019
1100;53;0.000296307
1100;72;0.000306686
1100;72;0.000281628
1100;75;0.00033037
1100;80;0.000298891
1100;76;0.00028199
1100;70;0.000296897
1100;51;0.000301627
1100;65;0.000279464
1100;73;0.000280978
1100;64;0.000280627
1100;66;0.00029837
1100;57;0.000283342
1100;61;0.00028203
1100;42;0.000324299
1100;48;0.00029845
1100;47;0.000279344
1100;48;0.000278002
1100;58;0.000294754
1100;60;0.000280837
1100;53;0.00027706
1100;58;0.000276289
1100;47;0.00029302
1100;47;0.000275918
1100;53;0.000275277
1100;62;0.000306846
1100;61;0.000309871
1100;56;0.000278182
1100;54;0.000273764
1100;45;0.00029824
1100;59;0.000277541
1100;48;0.00028723
1100;51;0.0002983
1100;52;0.000280096
1100;54;0.000274866
1100;63;0.000279174
1100;58;0.000295355
1100;46;0.000276309
1100;49;0.00027703
1100;39;0.000289994
1100;47;0.000279064
1100;43;0.000308239
1100;48;0.000277271
1100;54;0.000297719
1100;59;0.000349306
1100;50;0.000283122
1100;63;0.000297328
1100;55;0.000280868
1100;57;0.000295956
1100;55;0.000293471
1100;53;0.000279154
1100;57;0.000279445
1100;55;0.000312787
1100;58;0.000350879
1100;55;0.000277521
1100;50;0.000278022
1100;65;0.00029835
1100;67;0.000278393
1100;69;0.000278273
1100;53;0.000277591
1100;61;0.000299162
1100;73;0.000279855
1100;70;0.000280868
1100;55;0.000299372
1100;50;0.000295545
1100;56;0.000279354
1100;73;0.00027695
1100;82;0.000405031
1100;66;0.000288712
1100;50;0.000283242
1100;54;0.000299242
1100;56;0.000281629
1100;69;0.000281599
1100;69;0.000298821
1100;50;0.000493356
1100;57;0.000286078
1100;49;0.000279003
1100;67;0.000295434
1100;47;0.000279053
1100;49;0.000277881
1100;49;0.00027701
1100;57;0.000296366
1100;47;0.000278002
1100;64;0.000279315
1100;55;0.000293851
1100;47;0.000283022
1100;57;0.000278713
1100;52;0.000277511
1100;49;0.000296277
1100;49;0.000277651
1100;46;0.000279074
1100;50;0.000327675
1100;55;0.000277411
1100;48;0.000275989
1100;55;0.000277621
1100;54;0.000293671
1100;60;0.0002768
1100;41;0.00027667
1100;54;0.000290846
1100;49;0.00027681
1100;48;0.000278382
1100;58;0.00027669
1100;47;0.000294393
1100;45;0.000277982
1100;54;0.000421381
1100;45;0.000295836
1100;63;0.000286919
1100;52;0.00027728
1100;47;0.000277692
1100;61;0.000347132
1100;49;0.000278322
1100;56;0.000276309
1100;47;0.000295134
1100;48;0.00027677
1100;58;0.000278343
1100;60;0.000277882
1100;71;0.000294493
1100;53;0.000277611
1100;59;0.000279064
1100;55;0.000293731
1100;55;0.000279484
1100;52;0.000294523
1100;54;0.000279054
1100;66;0.000294964
1100;50;0.000277351
1100;57;0.0002767
1100;56;0.000290645
1100;57;0.000280997
1100;61;0.000277361
1100;58;0.000278082
1100;63;0.000294643
1100;58;0.000278913
1100;42;0.000276189
1100;62;0.000359762
1100;51;0.000370616
1100;52;0.000304462
1100;51;0.000285496
1100;73;0.000282631
1100;77;0.000305453
1100;60;0.00034053
1100;69;0.000285406
1100;61;0.000281178
1100;77;0.000325922
1100;70;0.000333045
1100;63;0.000360958
1100;72;0.000330551
1100;82;0.000283562
1100;57;0.000280928
1100;73;0.000302888
1100;56;0.000283412
1100;57;0.000283332
1100;79;0.000300073
1100;53;0.00028186
1100;55;0.000387086
1100;61;0.000297198
1100;59;0.0002879
1100;55;0.000281439
1100;54;0.000299853
1100;60;0.000300304
1100;64;0.000284183
1100;49;0.000281108
1100;58;0.000300955
1100;71;0.00028214
1100;62;0.000281368
1100;63;0.000343435
1100;60;0.00030376
1100;47;0.000285145
1100;49;0.000302678
1100;56;0.000284254
1100;60;0.000283272
1100;49;0.000302698
1100;63;0.000286918
1100;45;0.000281769
1100;65;0.000294934
1100;63;0.000284805
1100;61;0.000282581
1100;55;0.000283021
1100;57;0.000296908
1100;44;0.000342934
1100;46;0.000282009
1100;53;0.000304282
1100;46;0.000282079
1100;55;0.00031431
1100;57;0.00034668
1100;48;0.000283031
1100;47;0.000281609
1100;53;0.000279555
1100;53;0.000300213
1100;45;0.000281328
1100;54;0.000280707
1100;53;0.000293681
1100;44;0.000282471
1100;58;0.000278152
1100;52;0.000280006
1100;44;0.000345077
1100;37;0.000285135
1100;43;0.000278473
1100;37;0.000296406
1100;50;0.000278012
1100;42;0.000277681
1100;40;0.000309591
1100;56;0.000349006
1100;52;0.000293541
1100;47;0.000275938
1100;56;0.000323027
1100;44;0.000293912
1100;52;0.000299131
1100;44;0.000304652
1100;48;0.000277931
1100;39;0.000277461
1100;37;0.000275608
1100;48;0.000293922
1100;41;0.000276619
1100;45;0.000277321
1100;37;0.000291948
1100;51;0.000328167
1100;36;0.000277411
1100;37;0.000279995
1100;49;0.000294563
1100;36;0.000305233
1100;43;0.000278873
1100;38;0.000293411
1100;42;0.000278834
1100;52;0.000279425
1100;56;0.000494669
1100;50;0.000292239
1100;73;0.000283112
1100;55;0.000281047
1100;65;0.000299051
1100;60;0.000281759
1100;60;0.000280457
1100;60;0.000302468
1100;57;0.000283612
1100;73;0.00028189
1100;67;0.000290455
1100;66;0.000309832
1100;56;0.000279144
1100;65;0.000280126
1100;65;0.000295345
1100;59;0.000280977
1100;54;0.000278553
1100;67;0.000280206
1100;59;0.000294212
1100;56;0.000280126
1100;80;0.000278213
1100;67;0.000291667
1100;58;0.00028203
1100;53;0.000281398
1100;64;0.000279685
1100;66;0.000296667
1100;52;0.000278703
1100;61;0.000279966
1100;63;0.000294883
1100;53;0.00030925
1100;57;0.000341501
1100;41;0.000282932
1100;62;0.000303019
1100;60;0.000279975
1100;60;0.000279244
1100;66;0.000293761
1100;54;0.000282881
1100;56;0.000279164
1100;56;0.000280807
1100;45;0.00029815
1100;52;0.000280236
1100;56;0.000281809
1100;57;0.000300103
1100;50;0.000287941
1100;66;0.00029849
1100;45;0.000296357
1100;61;0.000296877
1100;51;0.000279465
1100;61;0.000277531
1100;49;0.000295455
1100;60;0.000280036
1100;57;0.000347212
1100;53;0.000285556
1100;48;0.000300514
1100;56;0.000339647
1100;58;0.000357491
1100;57;0.000359104
1100;66;0.000278654
1100;57;0.000280697
1100;54;0.000300804
1100;46;0.000328226
1100;44;0.000285977
1100;59;0.00030321
1100;47;0.000284384
1100;48;0.000279865
1100;47;0.000281739
1100;44;0.000310984
1100;54;0.000332455
1100;46;0.000343615
1100;48;0.000306165
1100;54;0.000282711
1100;60;0.000306015
1100;52;0.000363436
1100;44;0.000320332
1100;52;0.000278593
1100;65;0.000299212
1100;53;0.000291467
1100;45;0.00028185
1100;50;0.000280797
1100;63;0.000297218
1100;44;0.000320392
1100;54;0.000280196
1100;53;0.000295314
1100;55;0.000280217
1100;47;0.000277771
1100;50;0.000291638
1100;45;0.000295725
1100;62;0.000279194
1100;57;0.000279705
1100;57;0.00029849
1100;51;0.00046906
1100;50;0.000311214
1100;49;0.00028761
1100;59;0.000284103
1100;46;0.000301405
1100;44;0.000288591
1100;55;0.000283803
1100;46;0.000306476
1100;62;0.000286518
1100;61;0.000284093
1100;56;0.000282641
1100;44;0.000301446
1100;51;0.000285546
1100;46;0.000284745
1100;60;0.000299202
1100;47;0.000289283
1100;50;0.000282461
1100;69;0.000284193
1100;48;0.000301506
1100;54;0.000310363
1100;52;0.000283142
1100;55;0.000301947
1100;52;0.000356359
1100;55;0.000283963
1100;65;0.000302348
1100;52;0.00028761
1100;53;0.000284014
1100;58;0.000283101
1100;50;0.000297789
1100;50;0.000281128
1100;58;0.000365957
1100;46;0.000285716
1100;54;0.000286889
1100;52;0.000280106
1100;44;0.000529165
1100;47;0.000394661
1100;52;0.000446061
1100;53;0.000302087
1100;48;0.000284444
1100;63;0.000303469
1100;52;0.000280778
1100;55;0.000281067
1100;52;0.000278623
1100;66;0.000313885
1100;61;0.000317225
1100;64;0.000283873
1100;45;0.000297709
1100;54;0.000286337
1100;62;0.000279004
1100;48;0.000290766
1100;66;0.000281338
1100;43;0.000278443
1100;54;0.000284084
1100;55;0.000370055
1100;53;0.000289934
1100;52;0.000276579
1100;46;0.000335129
1100;58;0.000318237
1100;55;0.000331513
1100;63;0.000299873
1100;52;0.0004262
1100;77;0.000327555
1100;73;0.000312516
1100;74;0.000348935
1100;69;0.000279946
1100;70;0.000285185
1100;65;0.000298991
1100;67;0.00028239
1100;67;0.000284113
1100;57;0.000278764
1100;65;0.00029852
1100;49;0.000280868
1100;61;0.000279495
1100;58;0.000297158
1100;75;0.00031957
1100;59;0.000279905
1100;75;0.000280387
1100;61;0.000297689
1100;72;0.000314641
1100;70;0.000279454
1100;75;0.000299903
1100;74;0.000279865
1100;70;0.000278052
1100;61;0.000278824
1100;62;0.000315512
1100;57;0.000280297
1100;73;0.000280797
1100;58;0.000515093
1100;76;0.000325912
1100;64;0.000346441
1100;48;0.000358372
1100;48;0.000291978
1100;48;0.000366939
1100;40;0.000370756
1100;42;0.000320722
1100;40;0.000283752
1100;46;0.000279886
1100;46;0.000356943
1100;43;0.000391916
1100;53;0.00030382
1100;52;0.000283703
1100;60;0.000319295
1100;45;0.000283893
1100;46;0.000285425
1100;43;0.000301876
1100;51;0.000282471
1100;43;0.000284825
1100;46;0.000365506
1100;43;0.000345028
1100;48;0.000295395
1100;40;0.000281228
1100;37;0.000350658
1100;48;0.000339687
1100;34;0.000338726
1100;39;0.000286347
1100;40;0.000283142
1100;41;0.000279425
1100;42;0.000303399
1100;48;0.000283953
1100;47;0.000279023
1100;47;0.000342914
1100;50;0.000286108
1100;69;0.00030376
1100;61;0.000282671
1100;66;0.000294884
1100;58;0.000283352
1100;61;0.000299252
1100;58;0.000280837
1100;61;0.000279415
1100;52;0.000297709
1100;64;0.000279725
1100;60;0.000343485
1100;53;0.000293211
1100;69;0.000281799
1100;71;0.000278613
1100;49;0.000277391
1100;58;0.00029274
1100;71;0.000279044
1100;44;0.000277481
1100;69;0.000308228
1100;61;0.000360757
1100;53;0.000349516
1100;57;0.000374604
1100;59;0.000401724
1100;52;0.00035685
1100;50;0.00042329
1100;78;0.000387207
1100;65;0.000398078
1100;55;0.000357111
1100;63;0.000281318
1600;64;0.000448632
1600;92;0.000399951
1600;62;0.000442761
1600;91;0.000421832
1600;67;0.000416001
1600;66;0.000392878
1600;60;0.000448502
1600;83;0.000398278
1600;74;0.000393869
1600;80;0.000412173
1600;85;0.000392997
1600;60;0.000413397
1600;87;0.000392727
1600;72;0.000393489
1600;78;0.000408076
1600;72;0.000421432
1600;89;0.000411993
1600;72;0.000393238
1600;62;0.000436269
1600;70;0.000409559
1600;69;0.000423856
1600;70;0.000453351
1600;67;0.000395172
1600;71;0.000440537
1600;59;0.000394331
1600;76;0.000392056
1600;95;0.00041018
1600;63;0.000408267
1600;79;0.00041031
1600;69;0.000397366
1600;66;0.000473388
1600;67;0.000397417
1600;72;0.000416191
1600;90;0.000389171
1600;79;0.000405041
1600;74;0.000413426
1600;62;0.000394932
1600;85;0.00041002
1600;90;0.000396294
1600;73;0.000393388
1600;74;0.000573005
1600;78;0.000404249
1600;80;0.000501442
1600;71;0.00039373
1600;85;0.000473399
1600;66;0.000396564
1600;83;0.000406684
1600;75;0.000422964
1600;58;0.000455806
1600;85;0.000411022
1600;86;0.000392818
1600;69;0.000413827
1600;77;0.000471525
1600;65;0.00041548
1600;74;0.000392447
1600;91;0.000422814
1600;75;0.000418526
1600;62;0.000393599
1600;68;0.000412084
1600;77;0.000395072
1600;40;0.000496913
1600;56;0.000403047
1600;51;0.000435247
1600;45;0.000524194
1600;51;0.000413647
1600;54;0.000380444
1600;44;0.000390814
1600;45;0.000413416
1600;60;0.000395192
1600;48;0.000414278
1600;53;0.000472538
1600;55;0.000410811
1600;43;0.000396454
1600;49;0.000390162
1600;44;0.000420199
1600;51;0.000395423
1600;58;0.000405301
1600;49;0.000398728
1600;57;0.000390544
1600;39;0.00041011
1600;59;0.000395713
1600;59;0.000408246
1600;46;0.000398888
1600;54;0.00039957
1600;63;0.00041045
1600;39;0.000392276
1600;53;0.000423115
1600;43;0.000394801
1600;52;0.000416051
1600;58;0.000411803
1600;43;0.000491442
1600;42;0.000401985
1600;55;0.000398999
1600;55;0.000413817
1600;62;0.000456517
1600;58;0.000409378
1600;61;0.000395703
1600;45;0.000477026
1600;65;0.000398528
1600;53;0.000406252
1600;52;0.000414098
1600;51;0.000391735
1600;49;0.000443843
1600;55;0.000396945
1600;45;0.000392938
1600;61;0.000410701
1600;60;0.000396345
1600;61;0.000414207
1600;57;0.000396605
1600;57;0.000407014
1600;57;0.000400102
1600;58;0.000396314
1600;47;0.000413496
1600;62;0.000396815
1600;67;0.00040969
1600;56;0.000397376
1600;45;0.000392336
1600;57;0.000428724
1600;49;0.000411753
1600;53;0.000409699
1600;77;0.000473349
1600;75;0.000400492
1600;83;0.000418395
1600;73;0.000455145
1600;86;0.000400592
1600;66;0.000416653
1600;77;0.000394791
1600;69;0.000413226
1600;60;0.000393739
1600;62;0.000419237
1600;75;0.000396625
1600;63;0.000393228
1600;58;0.000413847
1600;97;0.000393749
1600;76;0.000406764
1600;61;0.000450336
1600;64;0.000394471
1600;63;0.0004102
1600;75;0.000427502
1600;71;0.000475062
1600;90;0.000396715
1600;73;0.000393719
1600;74;0.000422243
1600;60;0.000396564
1600;57;0.000412986
1600;55;0.000393869
1600;58;0.000406995
1600;73;0.000398137
1600;71;0.000439235
1600;61;0.000411192
1600;57;0.000631807
1600;68;0.000615476
1600;58;0.000432111
1600;51;0.000430579
1600;70;0.000396925
1600;63;0.000407676
1600;62;0.000430438
1600;62;0.000409749
1600;48;0.000411393
1600;64;0.000454784
1600;67;0.000413797
1600;65;0.000392667
1600;75;0.000396064
1600;60;0.000411763
1600;60;0.000397787
1600;47;0.000412775
1600;72;0.000395954
1600;54;0.000406884
1600;73;0.000408166
1600;52;0.000394341
1600;61;0.000414287
1600;57;0.000396274
1600;56;0.000395422
1600;62;0.000413817
1600;67;0.00039429
1600;52;0.000414468
1600;63;0.000396755
1600;49;0.000395613
1600;68;0.00041013
1600;69;0.000459833
1600;73;0.000614985
1600;65;0.000398398
1600;69;0.000422624
1600;70;0.000473759
1600;66;0.000411823
1600;76;0.000392547
1600;71;0.000395523
1600;75;0.00045809
1600;74;0.00039427
1600;82;0.000412815
1600;62;0.000398018
1600;89;0.000411633
1600;86;0.000409619
1600;61;0.000391325
1600;76;0.000411582
1600;70;0.000393538
1600;77;0.000390965
1600;84;0.000411683
1600;75;0.000393018
1600;67;0.000501507
1600;80;0.000400713
1600;73;0.00041039
1600;69;0.000393008
1600;64;0.000393148
1600;89;0.000409089
1600;74;0.000393699
1600;66;0.000424196
1600;76;0.000403458
1600;95;0.00039421
1600;91;0.00040974
1600;77;0.000492255
1600;62;0.000403507
1600;57;0.000396865
1600;87;0.000412123
1600;62;0.000493426
1600;58;0.000412354
1600;66;0.00039375
1600;67;0.000390222
1600;82;0.000497484
1600;81;0.000544993
1600;70;0.000537649
1600;63;0.00054865
1600;52;0.00045286
1600;83;0.000391345
1600;74;0.000413346
1600;86;0.000396785
1600;84;0.000413076
1600;66;0.000397857
1600;85;0.000397476
1600;72;0.000460084
1600;65;0.000390173
1600;74;0.000406423
1600;70;0.000393098
1600;61;0.000427783
1600;68;0.000397667
1600;55;0.000393168
1600;70;0.000411533
1600;56;0.00041514
1600;83;0.000425719
1600;64;0.000396695
1600;84;0.000526649
1600;96;0.00043643
1600;72;0.000400291
1600;71;0.000414298
1600;75;0.000397717
1600;83;0.00040992
1600;86;0.000398959
1600;66;0.000394761
1600;60;0.000416061
1600;86;0.000398138
1600;89;0.00040994
1600;98;0.000420239
1600;70;0.000518123
1600;68;0.000524034
1600;66;0.000553269
1600;89;0.000528492
1600;69;0.000411262
1600;83;0.000386636
1600;101;0.000394872
1600;76;0.000918065
1600;63;0.000570791
1600;95;0.000435387
1600;61;0.000416582
1600;84;0.000396935
1600;61;0.00039399
1600;93;0.000433914
1600;63;0.000394802
1600;69;0.000416572
1600;82;0.000410381
1600;69;0.000408026
1600;90;0.000455335
1600;61;0.000426471
1600;64;0.000396925
1600;65;0.000409429
1600;80;0.00039381
1600;66;0.000406112
1600;85;0.000398499
1600;72;0.000392116
1600;84;0.000409589
1600;75;0.000392327
1600;73;0.00041043
1600;63;0.00043887
1600;82;0.000396665
1600;82;0.000433023
1600;88;0.000395903
1600;60;0.000438273
1600;83;0.000401133
1600;64;0.00039922
1600;86;0.000486904
1600;80;0.000510328
1600;84;0.000411061
1600;59;0.000396734
1600;62;0.000419578
1600;78;0.000395152
1600;84;0.000391796
1600;57;0.000438483
1600;60;0.000395272
1600;67;0.000412074
1600;75;0.000393269
1600;75;0.000391234
1600;56;0.00051702
1600;46;0.000398529
1600;61;0.000417033
1600;65;0.000395923
1600;55;0.00039422
1600;68;0.00041007
1600;70;0.000396354
1600;55;0.000410901
1600;62;0.000395803
1600;66;0.000441428
1600;71;0.000427864
1600;51;0.000393889
1600;68;0.000413617
1600;59;0.000492625
1600;62;0.000547348
1600;68;0.000534714
1600;54;0.000480552
1600;70;0.000402797
1600;60;0.000411903
1600;69;0.000401684
1600;71;0.000397265
1600;49;0.000427493
1600;53;0.000393429
1600;55;0.000405601
1600;71;0.000405701
1600;58;0.000394691
1600;61;0.000684813
1600;49;0.000413857
1600;67;0.000501474
1600;57;0.000399049
1600;62;0.000478018
1600;66;0.000396354
1600;76;0.000406223
1600;79;0.000416051
1600;79;0.000396234
1600;62;0.000408307
1600;69;0.000403818
1600;53;0.00039394
1600;55;0.000424066
1600;65;0.000403698
1600;65;0.000413557
1600;66;0.000395813
1600;72;0.000395913
1600;75;0.000409428
1600;71;0.000393189
1600;67;0.000413215
1600;87;0.000416141
1600;81;0.000398318
1600;74;0.000410931
1600;83;0.000471475
1600;73;0.000412795
1600;72;0.000394551
1600;60;0.000447926
1600;54;0.00041002
1600;57;0.000399781
1600;60;0.000436719
1600;81;0.000400653
1600;63;0.000410621
1600;69;0.000404429
1600;52;0.000405391
1600;58;0.000537209
1600;69;0.000402145
1600;43;0.000416693
1600;70;0.000396244
1600;65;0.00041538
1600;52;0.000391956
1600;55;0.00039405
1600;61;0.000420289
1600;56;0.000464833
1600;57;0.000412053
1600;51;0.00042058
1600;64;0.000406804
1600;67;0.000397707
1600;66;0.000395032
1600;64;0.000409749
1600;54;0.000392848
1600;47;0.000406182
1600;63;0.000396986
1600;72;0.000394571
1600;73;0.000413807
1600;68;0.000391114
1600;58;0.000424457
1600;54;0.000394311
1600;59;0.000391054
1600;50;0.000456898
1600;57;0.000393789
1600;56;0.000429497
1600;54;0.000393118
1600;54;0.000393078
1600;67;0.000485491
1600;78;0.000472286
1600;70;0.000411874
1600;77;0.000395963
1600;74;0.000496523
1600;59;0.00051667
1600;60;0.00051671
1600;57;0.00059664
1600;57;0.000524334
1600;56;0.000518524
1600;67;0.000560853
1600;66;0.000579798
1600;60;0.000551375
1600;57;0.00055905
1600;63;0.000475142
1600;68;0.00041527
1600;57;0.000393709
1600;64;0.000395803
1600;49;0.000406584
1600;73;0.000393378
1600;68;0.000411573
1600;67;0.000391235
1600;64;0.00042099
1600;52;0.000408277
1600;68;0.000393879
1600;62;0.000412284
1600;59;0.000393288
1600;63;0.000392367
1600;65;0.00040994
1600;57;0.000417133
1600;73;0.00041011
1600;78;0.000461066
1600;102;0.000485632
1600;95;0.000443162
1600;110;0.000430859
1600;106;0.000416512
1600;81;0.000535184
1600;69;0.000451538
1600;100;0.000418947
1600;77;0.000400612
1600;113;0.000395723
1600;64;0.000417394
1600;73;0.000400913
1600;74;0.000409729
1600;75;0.00039424
1600;100;0.000396274
1600;96;0.000414287
1600;82;0.000399119
1600;69;0.000408457
1600;72;0.000397466
1600;72;0.000409239
1600;79;0.00041002
1600;71;0.000463199
1600;77;0.000419889
1600;103;0.000401293
1600;76;0.000394201
1600;96;0.00045281
1600;103;0.000393799
1600;98;0.00041506
1600;92;0.00039428
1600;82;0.000411703
1600;68;0.000455436
1600;73;0.000411873
1600;73;0.0003996
1600;59;0.000394671
1600;71;0.000414859
1600;82;0.00039389
1600;67;0.000459783
1600;84;0.000393649
1600;67;0.00041039
1600;56;0.000442471
1600;75;0.000414839
1600;80;0.000428174
1600;74;0.000398087
1600;77;0.000408857
1600;82;0.000398278
1600;84;0.000397116
1600;80;0.000517135
1600;72;0.000477036
1600;68;0.000417233
1600;64;0.000393499
1600;84;0.000409228
1600;77;0.000398257
1600;86;0.000395413
1600;82;0.000413426
1600;55;0.000392758
1600;65;0.000406833
1600;64;0.000398718
1600;71;0.00039384
1600;88;0.000421341
1600;86;0.000395903
1600;50;0.000477036
1600;66;0.000433414
1600;63;0.000393639
1600;71;0.000411383
1600;69;0.000391685
1600;52;0.000407826
1600;66;0.00039414
1600;70;0.000390864
1600;48;0.000454233
1600;66;0.000398769
1600;77;0.00041556
1600;68;0.000541617
1600;58;0.00041009
1600;59;0.000392798
1600;69;0.000396735
1600;66;0.000429506
1600;67;0.000389862
1600;70;0.000410291
1600;66;0.000392356
1600;64;0.000390995
1600;70;0.000406202
1600;64;0.000406063
1600;49;0.000413947
1600;59;0.000392908
1600;76;0.000391184
1600;69;0.000403488
1600;65;0.000392357
1600;57;0.000408196
1600;63;0.000391195
1600;63;0.000392577
1600;66;0.000485261
1600;75;0.000397516
1600;70;0.000395222
1600;61;0.000406524
1600;58;0.000393238
1600;65;0.000469471
1600;57;0.000417644
1600;73;0.000409318
1600;68;0.000432703
1600;79;0.000408016
1600;69;0.000425299
1600;61;0.000390904
1600;67;0.000411843
1600;70;0.00039401
1600;65;0.000392687
1600;75;0.000411182
1600;60;0.00046332
1600;70;0.00040972
1600;70;0.000389511
1600;69;0.000405772
1600;73;0.00044223
1600;53;0.00039439
1600;73;0.000423676
1600;69;0.000392807
1600;67;0.00041004
1600;66;0.000393769
1600;55;0.000392196
1600;84;0.000417053
1600;63;0.000391876
1600;70;0.000404059
1600;79;0.000446388
1600;71;0.000428274
1600;88;0.00039454
1600;87;0.000395543
1600;65;0.000411873
1600;69;0.000391234
1600;76;0.000410411
1600;54;0.000438373
1600;84;0.000393729
1600;61;0.00040983
1600;74;0.000469131
1600;76;0.000460039
1600;76;0.000411012
1600;79;0.000415941
1600;65;0.000392487
1600;75;0.000392076
1600;65;0.00041014
1600;74;0.000400001
1600;88;0.00042034
1600;70;0.000393829
1600;60;0.000392778
1600;80;0.000413957
1600;80;0.000395963
1600;65;0.000413276
1600;71;0.000398818
1600;73;0.000392708
1600;70;0.000465253
1600;62;0.000396244
1600;70;0.000414879
1600;69;0.000394941
1600;54;0.000475372
1600;63;0.000476876
1600;84;0.000429015
1600;89;0.00039921
1600;75;0.000395963
1600;84;0.000409679
1600;89;0.000487565
1600;76;0.000417364
1600;85;0.000395713
1600;72;0.000409609
1600;82;0.000397276
1600;61;0.000450045
1600;73;0.00050566
1600;69;0.000398688
1600;80;0.00044196
1600;80;0.000423556
1600;70;0.000411432
1600;64;0.000396855
1600;86;0.000399299
1600;64;0.000411563
1600;79;0.000393769
1600;84;0.000406484
1600;65;0.000394641
1600;62;0.000393499
1600;54;0.000409418
1600;83;0.000411994
1600;77;0.000411192
1600;77;0.000394581
1600;74;0.000395042
1600;84;0.000647825
1600;79;0.000470393
1600;77;0.000413015
1600;70;0.000461056
1600;53;0.000397647
1600;81;0.000397215
1600;71;0.000414439
1600;76;0.000401003
1600;90;0.000410631
1600;53;0.000395021
1600;65;0.000396715
1600;78;0.000411683
1600;72;0.000397286
1600;77;0.000463881
1600;65;0.000555323
1600;77;0.000479871
1600;73;0.000761941
1600;76;0.000397667
1600;63;0.000394681
1600;60;0.000418195
1600;68;0.000394731
1600;72;0.000406053
1600;81;0.000398548
1600;56;0.000493587
1600;72;0.000408026
1600;60;0.000393509
1600;83;0.000413206
1600;59;0.000398608
1600;83;0.000398438
1600;64;0.000413987
1600;69;0.000395152
1600;74;0.000488427
1600;57;0.000401083
1600;52;0.000501512
1600;62;0.000492174
1600;88;0.000442671
1600;74;0.000453541
1600;80;0.000513264
1600;68;0.000567546
1600;70;0.000514656
1600;66;0.000399801
1600;66;0.000461476
1600;57;0.000425419
1600;81;0.000492715
1600;83;0.000396534
1600;58;0.00039406
1600;61;0.000424247
1600;59;0.000396113
1600;58;0.000414639
1600;60;0.000412655
1600;79;0.00039972
1600;63;0.000411062
1600;58;0.000395172
1600;68;0.000418656
1600;65;0.000397626
1600;83;0.00039403
1600;67;0.000416682
1600;79;0.000436049
1600;72;0.000412184
1600;59;0.000397336
1600;74;0.000423946
1600;65;0.000472667
1600;53;0.00039911
1600;66;0.000440176
1600;77;0.000400762
1600;49;0.00042051
1600;66;0.000396755
1600;54;0.000410581
1600;62;0.000397356
1600;69;0.000434386
1600;59;0.000418225
1600;61;0.00051334
1600;53;0.00046854
1600;48;0.000513144
1600;73;0.000498365
1600;57;0.001090091
1600;59;0.000433304
1600;71;0.000427372
1600;57;0.000402316
1600;64;0.000435447
1600;84;0.000400231
1600;52;0.000414849
1600;57;0.000416963
1600;74;0.00039941
1600;64;0.000444033
1600;62;0.000398398
1600;63;0.000419106
1600;68;0.000416982
1600;63;0.000396444
1600;64;0.000419177
1600;71;0.000519125
1600;74;0.000620164
1600;69;0.000397666
1600;56;0.000398778
1600;49;0.000507643
1600;60;0.000392567
1600;57;0.000413937
1600;62;0.00041024
1600;65;0.0005005
1600;52;0.000406553
1600;54;0.000418505
1600;71;0.000409139
1600;54;0.00039446
1600;68;0.000511871
1600;56;0.000737846
1600;69;0.000518653
1600;58;0.000505569
1600;51;0.000502393
1600;59;0.000524255
1600;53;0.000456587
1600;67;0.000449013
1600;48;0.00046325
1600;63;0.000471305
1600;55;0.000454654
1600;52;0.000393739
1600;50;0.000430729
1600;59;0.000433604
1600;57;0.000414038
1600;54;0.000441739
1600;58;0.00041544
1600;54;0.000423335
1600;50;0.000642185
1600;49;0.00054327
1600;48;0.000518283
1600;50;0.000404068
1600;55;0.000426882
1600;50;0.000397166
1600;59;0.000411532
1600;62;0.000419137
1600;46;0.000423866
1600;44;0.000420039
1600;48;0.000418596
1600;57;0.000414789
1600;56;0.000406333
1600;52;0.000399801
1600;43;0.000422553
1600;44;0.000542559
1600;44;0.000426761
1600;62;0.000423385
1600;53;0.000417243
1600;64;0.000397817
1600;53;0.000397526
1600;49;0.000488998
1600;66;0.000449844
1600;46;0.000528552
1600;65;0.000511601
1600;62;0.000543921
1600;57;0.000577615
1600;61;0.000552547
1600;64;0.000581552
1600;59;0.00044767
1600;78;0.000464372
1600;78;0.000421863
1600;82;0.000401183
1600;60;0.000422553
1600;76;0.000482987
1600;98;0.000418336
1600;71;0.000398909
1600;98;0.00039933
1600;57;0.000414157
1600;77;0.000397326
1600;68;0.000434246
1600;61;0.000501001
1600;76;0.000520747
1600;75;0.000499979
1600;88;0.000514476
1600;57;0.00050053
1600;76;0.000583916
1600;70;0.000519696
1600;65;0.000557056
1600;71;0.000534884
1600;70;0.000568828
1600;90;0.000507442
1600;81;0.000418045
1600;78;0.000397316
1600;75;0.000423185
1600;67;0.000435768
1600;55;0.000413126
1600;81;0.000400432
1600;72;0.000398528
1600;68;0.000469722
1600;61;0.000515858
1600;61;0.000471425
1600;50;0.000420129
1600;57;0.000402305
1600;56;0.000399811
1600;59;0.000475202
1600;68;0.000414088
1600;74;0.000457339
1600;63;0.00049
1600;66;0.000524364
1600;56;0.000495611
1600;62;0.000524595
1600;66;0.000508315
1600;60;0.000539593
1600;78;0.00053238
1600;55;0.000558689
1600;66;0.000565862
1600;78;0.000548801
1600;76;0.000395563
1600;74;0.000419808
1600;63;0.000397136
1600;66;0.000419738
1600;79;0.000438403
1600;58;0.000414699
1600;62;0.000401413
1600;56;0.000397637
1600;56;0.000418336
1600;79;0.000394971
1600;60;0.000454454
1600;65;0.000415209
1600;49;0.000495851
1600;53;0.000402286
1600;61;0.000431069
1600;49;0.000401374
1600;62;0.000401814
1600;54;0.000416602
1600;64;0.00039931
1600;50;0.000418015
1600;56;0.000397907
1600;64;0.000409459
1600;59;0.000534644
1600;49;0.000647816
1600;55;0.000527871
1600;71;0.000481294
1600;55;0.000406032
1600;54;0.000404069
1600;68;0.000417785
1600;63;0.000444023
1600;63;0.000420069
1600;68;0.000486578
1600;65;0.000421351
1600;57;0.000397877
1600;46;0.000398439
1600;65;0.000450246
1600;51;0.000400702
1600;55;0.000439745
1600;55;0.000396494
1600;56;0.000395202
1600;72;0.000412314
1600;59;0.000397196
1600;58;0.00063375
1600;80;0.000448432
1600;76;0.000403087
1600;69;0.000418205
1600;71;0.000398318
1600;67;0.000465915
1600;68;0.000402125
1600;77;0.000398508
1600;76;0.000414999
1600;55;0.00039401
1600;64;0.000419127
1600;62;0.000396063
1600;64;0.000411583
1600;56;0.000402416
1600;75;0.000496201
1600;64;0.000419377
1600;68;0.000416482
1600;67;0.000419648
1600;68;0.000402937
1600;56;0.000393739
1600;71;0.000414538
1600;59;0.000396634
1600;64;0.000416472
1600;71;0.000393409
1600;71;0.000421261
1600;72;0.000525292
1600;55;0.000431269
1600;65;0.000496002
1600;73;0.000509246
1600;76;0.000539633
1600;77;0.000472807
1600;59;0.000484479
1600;53;0.000404549
1600;57;0.000398488
1600;78;0.000415189
1600;64;0.000399741
1600;54;0.000415831
1600;61;0.000413075
1600;63;0.00039398
1600;83;0.000410511
1600;64;0.00039391
1600;77;0.000409859
1600;86;0.000395693
1600;72;0.000393359
1600;85;0.000412444
1600;88;0.000397567
1600;54;0.00041022
1600;77;0.000393008
1600;72;0.000397556
1600;55;0.000418305
1600;61;0.000410611
1600;74;0.000468179
1600;64;0.000582875
1600;64;0.000416261
1600;64;0.000469501
1600;76;0.00053772
1600;73;0.000408066
1600;57;0.000417414
1600;55;0.000393589
1600;49;0.000392637
2100;111;0.000703421
2100;87;0.000584577
2100;86;0.000599266
2100;69;0.000563468
2100;77;0.000659638
2100;92;0.000837813
2100;83;0.000712347
2100;67;0.000806234
2100;92;0.000656663
2100;97;0.000717988
2100;86;0.000822996
2100;93;0.000802837
2100;81;0.000786357
2100;96;0.000761539
2100;95;0.000700966
2100;96;0.000715754
2100;105;0.000865695
2100;105;0.0009481
2100;94;0.000765127
2100;92;0.000763313
2100;86;0.000745059
2100;92;0.000677893
2100;91;0.000981242
2100;93;0.001046575
2100;92;0.0008815
2100;90;0.000669407
2100;99;0.000711005
2100;76;0.000660275
2100;93;0.000844846
2100;92;0.000718549
2100;98;0.00101523
2100;92;0.000665795
2100;88;0.000563067
2100;125;0.00056471
2100;105;0.000539413
2100;108;0.000557877
2100;93;0.000539493
2100;110;0.000632247
2100;77;0.000554441
2100;78;0.000542759
2100;91;0.000555022
2100;121;0.000539563
2100;104;0.000558298
2100;85;0.000538261
2100;99;0.000563067
2100;96;0.0005377
2100;101;0.000553439
2100;97;0.000542468
2100;86;0.000599525
2100;88;0.000602231
2100;104;0.000541938
2100;75;0.000648207
2100;100;0.000766499
2100;88;0.00053797
2100;86;0.000701276
2100;108;0.00054287
2100;82;0.000554391
2100;85;0.000555342
2100;84;0.000546426
2100;74;0.000552707
2100;71;0.000766674
2100;68;0.000735531
2100;54;0.000762502
2100;48;0.000726373
2100;61;0.000714812
2100;47;0.000700224
2100;72;0.000744819
2100;59;0.000811013
2100;64;0.000764826
2100;66;0.00072969
2100;63;0.000578386
2100;62;0.000570982
2100;71;0.000535235
2100;50;0.000562106
2100;62;0.000576272
2100;59;0.000560442
2100;63;0.000536908
2100;56;0.000556275
2100;57;0.000536627
2100;60;0.000557257
2100;71;0.000552347
2100;65;0.000540234
2100;53;0.000557026
2100;58;0.000550774
2100;53;0.000823257
2100;52;0.000708099
2100;50;0.00054854
2100;53;0.000558429
2100;59;0.000537008
2100;67;0.000559691
2100;59;0.000742484
2100;74;0.000538662
2100;65;0.000552046
2100;77;0.000534564
2100;82;0.00058292
2100;59;0.000561194
2100;74;0.000618121
2100;76;0.000577424
2100;63;0.00053799
2100;76;0.00055945
2100;59;0.000542137
2100;64;0.000555173
2100;58;0.000638068
2100;82;0.000563248
2100;67;0.000697249
2100;79;0.000639461
2100;64;0.000558037
2100;56;0.000575701
2100;80;0.00053767
2100;58;0.000571974
2100;53;0.000561935
2100;65;0.000619503
2100;70;0.000536638
2100;72;0.000581872
2100;68;0.000601359
2100;80;0.00053802
2100;54;0.000638488
2100;69;0.000541347
2100;82;0.000560923
2100;77;0.000539834
2100;72;0.000707128
2100;73;0.000604445
2100;72;0.000579719
2100;63;0.000548029
2100;87;0.000576292
2100;64;0.000543741
2100;85;0.00056471
2100;73;0.000612049
2100;63;0.000666571
2100;100;0.000584297
2100;73;0.000540715
2100;84;0.000738012
2100;67;0.000583576
2100;62;0.000558719
2100;73;0.000660109
2100;79;0.000628791
2100;73;0.000662334
2100;91;0.000741252
2100;74;0.000693171
2100;86;0.000707038
2100;78;0.000584748
2100;70;0.000661542
2100;88;0.00062836
2100;58;0.000606028
2100;73;0.000555603
2100;72;0.000562206
2100;62;0.00058615
2100;89;0.000563929
2100;62;0.000652726
2100;81;0.000536537
2100;76;0.001245148
2100;70;0.000971805
2100;71;0.000563278
2100;69;0.000541857
2100;77;0.000574899
2100;66;0.00054364
2100;72;0.000562947
2100;84;0.000662304
2100;65;0.000598303
2100;60;0.000581361
2100;67;0.000599556
2100;53;0.000616047
2100;62;0.000597391
2100;60;0.000544101
2100;82;0.000556715
2100;83;0.000542408
2100;63;0.000648538
2100;62;0.000690626
2100;81;0.000765577
2100;86;0.00077743
2100;75;0.000766719
2100;84;0.000575261
2100;65;0.000540885
2100;82;0.000557757
2100;75;0.000537669
2100;72;0.000556705
2100;71;0.000536538
2100;69;0.000599586
2100;67;0.000534393
2100;84;0.000653858
2100;74;0.000835629
2100;61;0.00057481
2100;72;0.000541867
2100;73;0.000558018
2100;55;0.000537399
2100;62;0.0005538
2100;70;0.00061645
2100;75;0.000724931
2100;69;0.000707378
2100;74;0.00081456
2100;86;0.000765267
2100;58;0.000582423
2100;83;0.000572806
2100;75;0.000797648
2100;77;0.000600938
2100;83;0.000576753
2100;79;0.001063246
2100;79;0.000739398
2100;68;0.001085458
2100;66;0.001275194
2100;71;0.001823142
2100;62;0.00056984
2100;56;0.00066559
2100;63;0.000661154
2100;61;0.000621947
2100;74;0.000568828
2100;64;0.000540384
2100;59;0.000576092
2100;73;0.000556034
2100;70;0.000540324
2100;91;0.000627889
2100;77;0.000572785
2100;80;0.00059634
2100;82;0.000625104
2100;67;0.000573306
2100;72;0.000542489
2100;90;0.000738767
2100;97;0.000704373
2100;80;0.001676424
2100;103;0.000922231
2100;93;0.001040988
2100;93;0.000752763
2100;85;0.000671025
2100;95;0.000545414
2100;69;0.000573672
2100;92;0.000745494
2100;62;0.000675749
2100;81;0.000699138
2100;97;0.000610271
2100;75;0.000546646
2100;71;0.000559421
2100;91;0.000539753
2100;85;0.000567235
2100;68;0.000704713
2100;85;0.000745439
2100;91;0.000889459
2100;67;0.000765116
2100;69;0.000654489
2100;89;0.000694394
2100;86;0.000706547
2100;69;0.000683123
2100;72;0.000576753
2100;79;0.000565431
2100;59;0.000734539
2100;66;0.000843299
2100;64;0.00073497
2100;66;0.000892977
2100;88;0.000693592
2100;75;0.000581652
2100;75;0.000552598
2100;86;0.000600087
2100;90;0.000593755
2100;94;0.000558959
2100;85;0.000816333
2100;69;0.000578807
2100;81;0.000551525
2100;77;0.000570642
2100;72;0.000566644
2100;59;0.000553619
2100;63;0.00056982
2100;67;0.000548631
2100;97;0.000594766
2100;76;0.00054852
2100;80;0.000594436
2100;59;0.000574548
2100;91;0.000570271
2100;69;0.000748385
2100;71;0.000750318
2100;80;0.001573522
2100;80;0.000878239
2100;85;0.000689575
2100;76;0.000561173
2100;75;0.000558289
2100;83;0.000544602
2100;81;0.000557838
2100;71;0.000556034
2100;80;0.00063921
2100;74;0.000603513
2100;85;0.000600528
2100;70;0.000766699
2100;77;0.00066072
2100;65;0.000568508
2100;72;0.000567024
2100;68;0.000571973
2100;65;0.000742003
2100;62;0.000923063
2100;60;0.000735211
2100;65;0.000758263
2100;68;0.000752683
2100;78;0.000791887
2100;64;0.000757662
2100;59;0.000743696
2100;71;0.000782469
2100;69;0.000761159
2100;69;0.000787498
2100;63;0.000780365
2100;77;0.000782699
2100;73;0.000754136
2100;77;0.000842843
2100;78;0.000827544
2100;93;0.000779524
2100;83;0.00063374
2100;100;0.000586421
2100;89;0.000657294
2100;98;0.000565893
2100;99;0.000615405
2100;73;0.000551936
2100;78;0.000580279
2100;74;0.000544914
2100;81;0.000558839
2100;87;0.000770896
2100;69;0.000870326
2100;92;0.000734418
2100;73;0.00056478
2100;81;0.000543861
2100;75;0.000554912
2100;68;0.000669928
2100;67;0.000544542
2100;86;0.000690135
2100;74;0.000719692
2100;75;0.00054315
2100;63;0.000639931
2100;88;0.000544873
2100;73;0.000595934
2100;83;0.000593671
2100;75;0.000546816
2100;101;0.000565322
2100;99;0.000540675
2100;84;0.000558729
2100;80;0.000543871
2100;83;0.000673234
2100;78;0.000629832
2100;74;0.000589096
2100;67;0.000610997
2100;72;0.000610616
2100;75;0.000628159
2100;83;0.000545264
2100;98;0.000563808
2100;90;0.000547879
2100;71;0.000562887
2100;86;0.000576362
2100;68;0.000625946
2100;92;0.00074568
2100;83;0.000720122
2100;97;0.000621086
2100;88;0.000657946
2100;65;0.000586581
2100;92;0.000620966
2100;83;0.000601219
2100;78;0.000562356
2100;69;0.000714832
2100;85;0.000646594
2100;88;0.000733808
2100;79;0.000633129
2100;65;0.000563829
2100;96;0.00055953
2100;103;0.000570401
2100;79;0.000540445
2100;67;0.000569309
2100;94;0.000539643
2100;91;0.000699744
2100;73;0.000607821
2100;69;0.000541166
2100;85;0.000557707
2100;89;0.000539493
2100;56;0.000678238
2100;87;0.000553259
2100;83;0.000575481
2100;81;0.000560732
2100;73;0.00055435
2100;56;0.000566394
2100;68;0.000546977
2100;93;0.000578396
2100;82;0.000640613
2100;77;0.00060731
2100;86;0.000630865
2100;71;0.000664197
2100;69;0.000617239
2100;71;0.000588675
2100;86;0.000587883
2100;76;0.000586502
2100;88;0.00054346
2100;64;0.000630674
2100;70;0.000571453
2100;65;0.000557457
2100;89;0.000581181
2100;80;0.000539914
2100;72;0.000590469
2100;74;0.000612881
2100;90;0.000571643
2100;67;0.000642587
2100;48;0.000674837
2100;77;0.000545464
2100;52;0.000626356
2100;69;0.000558459
2100;75;0.000542308
2100;50;0.000573337
2100;67;0.00063375
2100;61;0.000581832
2100;66;0.000543631
2100;59;0.000559019
2100;55;0.000535695
2100;58;0.000569149
2100;53;0.00055942
2100;68;0.000535445
2100;56;0.000602531
2100;64;0.000667313
2100;55;0.000710053
2100;75;0.000772811
2100;70;0.00070311
2100;61;0.000698491
2100;61;0.000747343
2100;72;0.000769104
2100;56;0.000749066
2100;75;0.00066563
2100;49;0.000563959
2100;69;0.000534964
2100;55;0.000577184
2100;54;0.00053791
2100;67;0.000558639
2100;66;0.000645292
2100;88;0.000626677
2100;67;0.000677973
2100;65;0.000704683
2100;91;0.00072466
2100;80;0.000711175
2100;76;0.000696898
2100;78;0.000776007
2100;68;0.000742193
2100;77;0.000744678
2100;63;0.000641935
2100;70;0.000706405
2100;70;0.00072677
2100;71;0.000785225
2100;84;0.000590589
2100;51;0.000595237
2100;67;0.000571213
2100;71;0.000562015
2100;79;0.000540255
2100;63;0.000558558
2100;78;0.00053838
2100;69;0.000677918
2100;89;0.000816393
2100;69;0.000568036
2100;57;0.000709782
2100;74;0.000661342
2100;83;0.000738106
2100;85;0.000732165
2100;85;0.000588856
2100;67;0.000620174
2100;67;0.000694855
2100;51;0.000619654
2100;82;0.000875853
2100;62;0.000943581
2100;72;0.00072959
2100;56;0.000552227
2100;66;0.000585099
2100;75;0.000541266
2100;71;0.00071938
2100;70;0.000701316
2100;60;0.00054288
2100;77;0.000583127
2100;72;0.000604825
2100;73;0.000591761
2100;65;0.000592914
2100;73;0.000581612
2100;66;0.000570431
2100;65;0.000572274
2100;63;0.000566244
2100;74;0.00061785
2100;65;0.000600407
2100;68;0.000680869
2100;71;0.000604735
2100;76;0.000707418
2100;69;0.001111049
2100;64;0.000774084
2100;70;0.00073497
2100;79;0.000746762
2100;65;0.000625975
2100;76;0.000614454
2100;64;0.0006233
2100;66;0.000543971
2100;73;0.000559811
2100;68;0.000552407
2100;88;0.00054342
2100;62;0.000561234
2100;69;0.000615756
2100;77;0.000554121
2100;89;0.000568086
2100;61;0.000715544
2100;72;0.000738356
2100;72;0.000734359
2100;94;0.000723128
2100;91;0.000741112
2100;77;0.000842181
2100;82;0.000767731
2100;80;0.000566133
2100;74;0.000567896
2100;67;0.000536788
2100;74;0.000557877
2100;84;0.000539944
2100;74;0.000589367
2100;82;0.000551525
2100;66;0.000550553
2100;92;0.000561805
2100;81;0.000543521
2100;82;0.000558408
2100;92;0.000540906
2100;78;0.000556465
2100;61;0.000534794
2100;93;0.000636776
2100;63;0.000569048
2100;82;0.000547307
2100;77;0.0005435
2100;76;0.000541236
2100;89;0.001274554
2100;75;0.000850237
2100;61;0.00124103
2100;82;0.000847161
2100;77;0.000605397
2100;73;0.000756681
2100;85;0.000853853
2100;89;0.000542419
2100;73;0.000618481
2100;83;0.000816587
2100;80;0.000594856
2100;102;0.00059966
2100;75;0.000564319
2100;74;0.000542689
2100;81;0.000584057
2100;83;0.000547698
2100;93;0.000559621
2100;68;0.000542328
2100;83;0.000563548
2100;87;0.000684795
2100;76;0.000705324
2100;88;0.000828445
2100;88;0.000737945
2100;92;0.000747113
2100;83;0.000730822
2100;82;0.000869072
2100;65;0.000778762
2100;62;0.00074025
2100;74;0.000539924
2100;70;0.000557406
2100;74;0.000536918
2100;76;0.000564259
2100;62;0.00056465
2100;56;0.000653447
2100;86;0.000580099
2100;90;0.000721053
2100;72;0.00062808
2100;92;0.000634401
2100;71;0.000558509
2100;75;0.000559079
2100;87;0.000540405
2100;70;0.000583977
2100;72;0.000549181
2100;68;0.000535075
2100;89;0.000552397
2100;88;0.000536407
2100;71;0.000656302
2100;64;0.000539253
2100;87;0.000556234
2100;81;0.00055359
2100;72;0.000555022
2100;78;0.000557527
2100;69;0.000538301
2100;102;0.000589126
2100;85;0.000536517
2100;59;0.000611558
2100;59;0.000605217
2100;63;0.000541025
2100;64;0.000565762
2100;79;0.000541016
2100;92;0.000557306
2100;59;0.000539834
2100;68;0.000567014
2100;65;0.000543321
2100;71;0.000610526
2100;90;0.000556234
2100;62;0.000534744
2100;66;0.000614563
2100;71;0.000700225
2100;65;0.000588064
2100;85;0.000638499
2100;63;0.000656573
2100;88;0.000608883
2100;63;0.000553559
2100;67;0.000538771
2100;67;0.000552878
2100;64;0.000537099
2100;80;0.00055377
2100;73;0.00053282
2100;73;0.00055383
2100;64;0.000534584
2100;74;0.000606769
2100;82;0.000552237
2100;67;0.000589407
2100;65;0.000556675
2100;78;0.000635734
2100;80;0.000572335
2100;80;0.000543871
2100;87;0.000653858
2100;75;0.000616507
2100;91;0.000545745
2100;103;0.000585469
2100;71;0.000549221
2100;66;0.000568237
2100;83;0.00055935
2100;83;0.000544903
2100;74;0.000562957
2100;79;0.000619694
2100;89;0.000720653
2100;68;0.000750159
2100;67;0.000710795
2100;85;0.000760778
2100;76;0.00074006
2100;107;0.001112147
2100;83;0.000653166
2100;77;0.000553108
2100;87;0.000697887
2100;71;0.000586521
2100;77;0.000543911
2100;78;0.000579248
2100;100;0.000549752
2100;99;0.000561374
2100;104;0.000542438
2100;108;0.000579849
2100;103;0.000541116
2100;104;0.000904949
2100;66;0.000560462
2100;92;0.000670669
2100;76;0.000595197
2100;88;0.000544914
2100;87;0.000589667
2100;80;0.000541657
2100;97;0.000559039
2100;68;0.000540565
2100;85;0.000559861
2100;69;0.000555142
2100;77;0.00054317
2100;73;0.000561494
2100;96;0.00055376
2100;95;0.000560733
2100;85;0.00054305
2100;75;0.000555122
2100;83;0.000620134
2100;75;0.000541927
2100;91;0.00060183
2100;73;0.000540555
2100;86;0.000767942
2100;78;0.000747684
2100;71;0.000780355
2100;103;0.000789783
2100;91;0.000779814
2100;72;0.000732986
2100;67;0.000749467
2100;90;0.000720653
2100;84;0.000752302
2100;64;0.000605016
2100;55;0.000557717
2100;56;0.00055373
2100;78;0.000773692
2100;67;0.000700745
2100;52;0.000683714
2100;78;0.000710474
2100;66;0.000738267
2100;66;0.00076188
2100;68;0.000844676
2100;58;0.000751882
2100;52;0.000660516
2100;57;0.000541607
2100;50;0.00055418
2100;56;0.000540555
2100;60;0.000606388
2100;71;0.000552047
2100;62;0.000531758
2100;57;0.000552678
2100;52;0.00053266
2100;73;0.000556104
2100;56;0.000534112
2100;71;0.000550374
2100;62;0.000556415
2100;77;0.000660159
2100;62;0.000633359
2100;71;0.000651643
2100;60;0.000587343
2100;50;0.000533432
2100;73;0.000547478
2100;84;0.000625845
2100;80;0.000545484
2100;94;0.000561354
2100;82;0.000542919
2100;89;0.000558579
2100;68;0.000589547
2100;80;0.0006126
2100;95;0.00066007
2100;84;0.00055391
2100;98;0.000631245
2100;95;0.000540896
2100;92;0.000558378
2100;67;0.000564139
2100;93;0.00059679
2100;93;0.000591872
2100;71;0.000551856
2100;67;0.000555773
2100;81;0.000552498
2100;94;0.000560021
2100;65;0.000553219
2100;87;0.000541898
2100;97;0.000558037
2100;76;0.000538671
2100;67;0.000560843
2100;79;0.000540805
2100;83;0.000584096
2100;67;0.000537359
2100;91;0.000578577
2100;69;0.000552447
2100;82;0.00063893
2100;86;0.000789292
2100;84;0.000604445
2100;100;0.000583245
2100;85;0.000555443
2100;73;0.000549812
2100;80;0.000536037
2100;78;0.000552267
2100;79;0.000537649
2100;95;0.000556806
2100;89;0.000540615
2100;84;0.000556495
2100;90;0.000762217
2100;75;0.000738677
2100;75;0.000740119
2100;85;0.000705865
2100;103;0.000571222
2100;66;0.000567896
2100;80;0.012308069
2100;82;0.000945986
2100;101;0.000637687
2100;93;0.000539854
2100;67;0.000611788
2100;98;0.000542769
2100;87;0.000684588
2100;84;0.000635733
2100;69;0.000584808
2100;78;0.000570652
2100;65;0.000541927
2100;60;0.000584096
2100;91;0.000582754
2100;82;0.000631436
2100;68;0.000687331
2100;77;0.000748375
2100;93;0.000700115
2100;82;0.000733838
2100;88;0.000608112
2100;77;0.000571623
2100;66;0.000570952
2100;76;0.000543501
2100;78;0.000562656
2100;64;0.000543451
2100;81;0.000588164
2100;82;0.000566073
2100;79;0.000545865
2100;63;0.000562246
2100;79;0.000548409
2100;77;0.000592001
2100;74;0.000543831
2100;67;0.000582704
2100;63;0.000590609
2100;74;0.000549121
2100;61;0.000633479
2100;75;0.000544232
2100;66;0.000599445
2100;83;0.000715673
2100;59;0.000620105
2100;60;0.000699182
2100;75;0.000633299
2100;63;0.000631095
2100;67;0.000593284
2100;52;0.000760768
2100;53;0.000604796
2100;76;0.000544472
2100;54;0.000559621
2100;69;0.000612851
2100;59;0.000542308
2100;55;0.00056431
2100;71;0.000540825
2100;56;0.00056463
2100;53;0.000536978
2100;51;0.00059657
2100;49;0.000539393
2100;64;0.000575931
2100;59;0.000556605
2100;68;0.000537019
2100;68;0.00064486
2100;63;0.000540564
2100;66;0.000558678
2100;58;0.000536998
2100;70;0.000555132
2100;60;0.00056442
2100;76;0.000650351
2100;64;0.000581903
2100;58;0.000561424
2100;54;0.000556315
2100;50;0.000535565
2100;57;0.000556275
2100;69;0.000555613
2100;67;0.000728197
2100;58;0.000686049
2100;76;0.000638118
2100;79;0.000577975
2100;74;0.000553088
2100;67;0.000537338
2100;58;0.000587653
2100;64;0.000539192
2100;84;0.000614063
2100;70;0.000538972
2100;76;0.000554461
2100;76;0.000534443
2100;91;0.000666807
2100;86;0.000565362
2100;78;0.000539603
2100;66;0.000560172
2100;64;0.000534473
2100;71;0.000556756
2100;86;0.000536407
2100;80;0.000552106
2100;69;0.00053284
2100;65;0.000556595
2100;74;0.000606083
2100;67;0.000675768
2100;87;0.000618311
2100;74;0.000567516
2100;55;0.000555102
2100;73;0.000551125
2100;72;0.000533382
2100;67;0.000557136
2100;88;0.000534734
2100;71;0.000556204
2100;78;0.000609254
2100;71;0.000562566
2100;74;0.000535987
2100;93;0.000584187
2100;88;0.000533351
2100;70;0.000599446
2100;69;0.000547297
2100;82;0.000551184
2100;73;0.000556434
2100;94;0.000536307
2100;80;0.000557106
2100;91;0.000532881
2100;67;0.000550954
2100;76;0.0005326
2100;76;0.000553549
2100;74;0.000557497
2100;65;0.000535676
2100;74;0.000561704
2100;69;0.000656864
2100;73;0.00058047
2100;79;0.00067673
2100;93;0.000536758
2100;76;0.000583877
2100;67;0.000582543
2100;80;0.000558117
2100;79;0.000531127
2100;86;0.000551555
2100;66;0.000534223
2100;59;0.000556084
2100;95;0.000549942
2100;93;0.000679666
2100;88;0.000540284
2100;80;0.000616919
2100;96;0.000535545
2100;94;0.000597933
2100;80;0.000551676
2100;95;0.000566483
2100;77;0.00055942
2100;88;0.000535505
2100;66;0.00085225
2100;87;0.000572194
2100;104;0.000539633
2100;76;0.000563158
2100;81;0.000536477
2100;82;0.000557036
2100;80;0.000550193
2100;95;0.000550263
2100;72;0.000532941
2100;110;0.000554221
2100;85;0.000616497
2100;71;0.000611388
2100;93;0.000561174
2100;76;0.000536638
2100;98;0.000570511
2100;80;0.000535365
2100;66;0.000549322
2100;68;0.000549101
2100;83;0.000536497
2100;79;0.000551185
2100;79;0.000534283
2600;70;0.00080449
2600;56;0.000696939
2600;73;0.000665319
2600;69;0.000642376
2600;69;0.000665699
2600;67;0.000677271
2600;69;0.000645462
2600;75;0.000663706
2600;57;0.000680868
2600;64;0.000646965
2600;80;0.000659829
2600;75;0.000677011
2600;67;0.000720783
2600;81;0.000646383
2600;63;0.000713991
2600;70;0.000656202
2600;68;0.000647055
2600;61;0.000703791
2600;76;0.000658065
2600;61;0.000840638
2600;57;0.00089476
2600;60;0.000692229
2600;59;0.000664667
2600;69;0.000668034
2600;82;0.000663215
2600;69;0.000666311
2600;70;0.000646053
2600;81;0.000702289
2600;70;0.000663616
2600;74;0.000654409
2600;79;0.000802105
2600;95;0.000669687
2600;89;0.000651553
2600;72;0.00065541
2600;62;0.0006603
2600;108;0.000763955
2600;67;0.000750369
2600;100;0.000661872
2600;84;0.000656693
2600;74;0.00064451
2600;92;0.000662293
2600;78;0.000662594
2600;100;0.000641845
2600;99;0.000746151
2600;67;0.000659027
2600;76;0.000643638
2600;102;0.000658166
2600;85;0.000661673
2600;82;0.000642145
2600;100;0.000659709
2600;80;0.000675098
2600;103;0.000642486
2600;83;0.000709272
2600;81;0.000663155
2600;63;0.000700435
2600;82;0.000834437
2600;102;0.000769535
2600;80;0.00076697
2600;83;0.000644951
2600;73;0.000659999
2600;59;0.000716565
2600;64;0.000728838
2600;86;0.000644841
2600;84;0.000653216
2600;68;0.000664438
2600;64;0.000658446
2600;69;0.000656853
2600;93;0.000664387
2600;81;0.000639962
2600;78;0.000657204
2600;79;0.000716806
2600;68;0.000642817
2600;76;0.00065525
2600;58;0.000799531
2600;62;0.000758975
2600;82;0.000728367
2600;69;0.000713089
2600;72;0.000642687
2600;80;0.000754837
2600;86;0.000749548
2600;59;0.000712838
2600;64;0.00064434
2600;97;0.000665339
2600;62;0.000654149
2600;66;0.000643598
2600;80;0.000664397
2600;91;0.000658205
2600;70;0.000641784
2600;68;0.000674125
2600;66;0.00064982
2600;60;0.000735401
2600;50;0.000643738
2600;59;0.000679294
2600;70;0.000665861
2600;74;0.000641514
2600;57;0.000656974
2600;51;0.000770326
2600;68;0.000787849
2600;59;0.000653757
2600;75;0.000695726
2600;66;0.000731082
2600;68;0.000764636
2600;57;0.000826783
2600;55;0.000835248
2600;78;0.000869723
2600;60;0.00090557
2600;54;0.000934765
2600;72;0.000907003
2600;68;0.00068736
2600;69;0.00068146
2600;69;0.000666732
2600;67;0.000689615
2600;71;0.000645452
2600;57;0.000661051
2600;60;0.000656022
2600;70;0.000655731
2600;71;0.00066056
2600;45;0.000639822
2600;55;0.000754552
2600;70;0.000877783
2600;105;0.000710394
2600;115;0.00072961
2600;87;0.000666241
2600;112;0.000644179
2600;104;0.000659828
2600;101;0.000669988
2600;102;0.000661371
2600;82;0.000684676
2600;84;0.000748135
2600;110;0.000859634
2600;87;0.000940677
2600;120;0.000851759
2600;95;0.000878079
2600;106;0.000897756
2600;111;0.000753925
2600;75;0.000664056
2600;98;0.000682712
2600;105;0.000659629
2600;84;0.000663155
2600;80;0.000643659
2600;83;0.000661682
2600;85;0.000658727
2600;100;0.000647255
2600;93;0.000669848
2600;107;0.000661131
2600;99;0.000643398
2600;77;0.000765291
2600;115;0.000807035
2600;99;0.000802847
2600;74;0.000681099
2600;67;0.00073519
2600;59;0.000646705
2600;72;0.000839305
2600;66;0.000778541
2600;61;0.000966986
2600;62;0.000659729
2600;62;0.000727967
2600;70;0.000682231
2600;68;0.000662644
2600;63;0.000646484
2600;64;0.000675468
2600;74;0.000682592
2600;62;0.000658476
2600;67;0.000804571
2600;58;0.000735451
2600;78;0.000662073
2600;68;0.00066575
2600;71;0.000668575
2600;62;0.000677111
2600;63;0.000662093
2600;81;0.000764185
2600;66;0.000818647
2600;67;0.000653657
2600;68;0.000794802
2600;63;0.000695055
2600;56;0.000663966
2600;80;0.000663186
2600;71;0.000719691
2600;61;0.000666662
2600;61;0.000653306
2600;71;0.000728758
2600;73;0.0006657
2600;70;0.000677211
2600;67;0.000655009
2600;58;0.000665871
2600;90;0.000679245
2600;63;0.000659007
2600;61;0.00066595
2600;73;0.000813648
2600;79;0.000734018
2600;72;0.00080971
2600;67;0.000674407
2600;72;0.000641725
2600;79;0.000664277
2600;69;0.000661041
2600;62;0.000642727
2600;70;0.000675929
2600;75;0.000657505
2600;67;0.000640412
2600;82;0.000911241
2600;76;0.000763303
2600;60;0.000657094
2600;66;0.000642246
2600;67;0.000675619
2600;76;0.000654829
2600;76;0.000641815
2600;72;0.000663666
2600;76;0.000837192
2600;71;0.000678184
2600;69;0.000812806
2600;79;0.000763153
2600;81;0.000688593
2600;119;0.000651042
2600;78;0.000714251
2600;110;0.000662103
2600;79;0.000643758
2600;96;0.000667654
2600;75;0.000750178
2600;78;0.000686448
2600;68;0.000769826
2600;95;0.000669066
2600;95;0.000640994
2600;77;0.000753504
2600;108;0.000670128
2600;107;0.000645151
2600;87;0.000662855
2600;107;0.000668745
2600;105;0.000646243
2600;84;0.000661823
2600;76;0.000663876
2600;78;0.000642547
2600;99;0.000659768
2600;108;0.000681479
2600;89;0.000640533
2600;81;0.000688633
2600;100;0.000709512
2600;87;0.000642597
2600;83;0.000738306
2600;101;0.000697079
2600;108;0.00068712
2600;84;0.000698111
2600;69;0.000661722
2600;72;0.000741232
2600;65;0.00095316
2600;71;0.000874191
2600;81;0.000661683
2600;56;0.000670358
2600;57;0.000639331
2600;72;0.000658456
2600;79;0.00066545
2600;73;0.000638218
2600;67;0.00065512
2600;67;0.000654349
2600;66;0.000640021
2600;60;0.000656061
2600;61;0.000653577
2600;71;0.00063911
2600;76;0.00064948
2600;72;0.000715263
2600;73;0.000661271
2600;59;0.000717868
2600;65;0.000677092
2600;82;0.000871195
2600;69;0.000837913
2600;82;0.000842442
2600;67;0.000862019
2600;67;0.000904628
2600;74;0.000909298
2600;61;0.000917512
2600;71;0.000763152
2600;70;0.000698481
2600;91;0.000661151
2600;90;0.000671752
2600;75;0.000645321
2600;84;0.000656553
2600;86;0.000725202
2600;77;0.000642887
2600;70;0.00071925
2600;80;0.000668285
2600;87;0.00072413
2600;74;0.000680918
2600;71;0.000683935
2600;81;0.000664768
2600;79;0.00064977
2600;82;0.000662584
2600;89;0.000641545
2600;92;0.000706857
2600;96;0.000696367
2600;82;0.00066027
2600;74;0.000641645
2600;67;0.000686078
2600;88;0.000656683
2600;78;0.000644961
2600;71;0.000663155
2600;88;0.000639912
2600;79;0.00067665
2600;77;0.000669457
2600;74;0.000641644
2600;65;0.000656533
2600;87;0.000792929
2600;70;0.000723688
2600;65;0.000666772
2600;69;0.000656823
2600;72;0.000659158
2600;63;0.000716806
2600;63;0.000741712
2600;55;0.000730381
2600;84;0.000635934
2600;64;0.000669607
2600;59;0.000657174
2600;66;0.00063894
2600;77;0.000653026
2600;56;0.000657134
2600;68;0.000640172
2600;62;0.000652054
2600;60;0.000731824
2600;59;0.000636084
2600;68;0.000655671
2600;55;0.000659328
2600;59;0.000635844
2600;76;0.000680908
2600;56;0.000703561
2600;63;0.000661342
2600;82;0.00065511
2600;71;0.00080394
2600;63;0.00088381
2600;60;0.000673775
2600;59;0.000662544
2600;70;0.000676981
2600;62;0.00063913
2600;98;0.000733166
2600;91;0.000646584
2600;68;0.000659629
2600;80;0.000653196
2600;80;0.000643008
2600;99;0.000660189
2600;71;0.000675629
2600;75;0.000642136
2600;87;0.000706606
2600;93;0.00065506
2600;98;0.00063875
2600;68;0.000658416
2600;92;0.000653928
2600;89;0.000685858
2600;72;0.000753805
2600;86;0.000704032
2600;59;0.000640843
2600;90;0.000661912
2600;79;0.000658447
2600;82;0.000642476
2600;90;0.000657875
2600;69;0.000677112
2600;79;0.000643618
2600;95;0.000658076
2600;94;0.000657965
2600;97;0.00064945
2600;87;0.00066039
2600;74;0.000656262
2600;83;0.000646624
2600;92;0.000703782
2600;76;0.000702239
2600;87;0.000664979
2600;80;0.000669797
2600;108;0.000649029
2600;80;0.000661682
2600;87;0.000674367
2600;80;0.000643197
2600;129;0.000804481
2600;98;0.000674025
2600;136;0.000728989
2600;92;0.000674116
2600;116;0.000664217
2600;97;0.000643198
2600;112;0.000734599
2600;126;0.000673745
2600;95;0.00064427
2600;88;0.000711195
2600;128;0.000657886
2600;84;0.000647756
2600;109;0.000664838
2600;82;0.000657775
2600;117;0.000646304
2600;107;0.000663015
2600;106;0.000656002
2600;120;0.000664016
2600;95;0.000666041
2600;110;0.000659428
2600;114;0.00072935
2600;103;0.000679125
2600;90;0.000777109
2600;76;0.000718779
2600;90;0.000667553
2600;102;0.000645682
2600;88;0.000675298
2600;118;0.000667263
2600;105;0.000641314
2600;70;0.000663806
2600;98;0.000677272
2600;124;0.00069805
2600;95;0.000753756
2600;83;0.000762722
2600;92;0.000656973
2600;98;0.000648207
2600;80;0.000661942
2600;107;0.000684976
2600;77;0.000641825
2600;101;0.00066087
2600;89;0.00064451
2600;95;0.000658115
2600;100;0.000664789
2600;84;0.000651032
2600;86;0.000661793
2600;86;0.000679616
2600;90;0.000640873
2600;83;0.000689545
2600;81;0.000662013
2600;96;0.000644971
2600;94;0.000883523
2600;83;0.000755659
2600;84;0.0007085
2600;75;0.000704172
2600;107;0.000864043
2600;93;0.000764856
2600;100;0.000720913
2600;115;0.000651934
2600;93;0.000667433
2600;76;0.000669206
2600;75;0.00064425
2600;93;0.00066036
2600;102;0.000682071
2600;96;0.000647686
2600;89;0.000667663
2600;90;0.00066535
2600;98;0.00064979
2600;73;0.000663826
2600;71;0.000696468
2600;114;0.000650912
2600;80;0.000704954
2600;68;0.000674025
2600;73;0.000642516
2600;84;0.000737384
2600;74;0.000726073
2600;76;0.000717447
2600;100;0.000650942
2600;80;0.000724531
2600;83;0.000664297
2600;108;0.000672292
2600;86;0.000661663
2600;68;0.000657805
2600;68;0.000653136
2600;64;0.0007085
2600;85;0.000661563
2600;77;0.000663425
2600;94;0.000647947
2600;85;0.000657795
2600;70;0.000670579
2600;69;0.000642036
2600;83;0.000675939
2600;82;0.000663606
2600;89;0.000702499
2600;90;0.000656503
2600;68;0.000659668
2600;64;0.000645172
2600;76;0.000659097
2600;65;0.000712338
2600;59;0.000640142
2600;90;0.000839827
2600;88;0.000698792
2600;75;0.000752829
2600;95;0.000712197
2600;66;0.00066585
2600;60;0.000672262
2600;60;0.000645532
2600;81;0.000684771
2600;84;0.000696628
2600;77;0.000654058
2600;87;0.000655621
2600;57;0.000663827
2600;79;0.000638098
2600;68;0.000659598
2600;61;0.000782429
2600;68;0.000642707
2600;52;0.000657715
2600;70;0.000662404
2600;62;0.000638699
2600;60;0.000702649
2600;68;0.000701057
2600;53;0.000647846
2600;64;0.000688172
2600;73;0.000685307
2600;65;0.000639902
2600;72;0.000654729
2600;66;0.000671551
2600;67;0.000643739
2600;64;0.000658135
2600;71;0.000790424
2600;67;0.000658245
2600;76;0.000642917
2600;68;0.000659718
2600;77;0.000671201
2600;61;0.000643167
2600;70;0.000659949
2600;64;0.000643888
2600;71;0.000652254
2600;74;0.000660871
2600;77;0.000677693
2600;85;0.000744397
2600;69;0.000732095
2600;65;0.000657945
2600;67;0.000640552
2600;84;0.000814519
2600;85;0.000780902
2600;104;0.000670128
2600;65;0.000653387
2600;79;0.000662223
2600;71;0.00064487
2600;108;0.000695226
2600;100;0.000866406
2600;101;0.000873359
2600;70;0.000781116
2600;73;0.000744789
2600;90;0.000684545
2600;85;0.000654579
2600;68;0.000728498
2600;72;0.000663486
2600;103;0.00069792
2600;103;0.000647216
2600;70;0.000678714
2600;64;0.000660781
2600;98;0.00064453
2600;66;0.000784618
2600;82;0.000684736
2600;89;0.000652665
2600;79;0.000672062
2600;102;0.000664087
2600;71;0.000727135
2600;82;0.000851909
2600;75;0.000882893
2600;80;0.000729479
2600;74;0.000706717
2600;50;0.000989187
2600;48;0.000864443
2600;69;0.000842713
2600;50;0.000874662
2600;58;0.000901422
2600;54;0.001021448
2600;47;0.000669567
2600;45;0.000663876
2600;55;0.000668044
2600;50;0.000662323
2600;60;0.000662554
2600;65;0.000726163
2600;59;0.000674947
2600;48;0.000658326
2600;55;0.00064456
2600;67;0.000692109
2600;59;0.001025765
2600;65;0.000779974
2600;68;0.000678374
2600;64;0.000789061
2600;70;0.000736304
2600;56;0.000691488
2600;62;0.000868058
2600;52;0.000832037
2600;59;0.001143511
2600;58;0.00088594
2600;55;0.000688853
2600;61;0.00066034
2600;58;0.000648267
2600;51;0.000671822
2600;69;0.000704804
2600;75;0.000685387
2600;65;0.000664087
2600;80;0.000643679
2600;73;0.000665018
2600;70;0.000683192
2600;64;0.000678875
2600;74;0.000663716
2600;57;0.000662534
2600;76;0.000800714
2600;77;0.000857791
2600;73;0.000875634
2600;75;0.000789442
2600;63;0.000686339
2600;75;0.000647375
2600;86;0.000697289
2600;62;0.000664167
2600;66;0.000645272
2600;63;0.000659037
2600;77;0.000658537
2600;58;0.000642907
2600;59;0.000705414
2600;65;0.00066046
2600;66;0.000656532
2600;73;0.000667864
2600;73;0.000672693
2600;65;0.000642235
2600;87;0.000677542
2600;74;0.000922572
2600;55;0.000880984
2600;61;0.000716425
2600;79;0.000657385
2600;79;0.000642606
2600;86;0.000733327
2600;72;0.000658106
2600;86;0.000640222
2600;63;0.000661212
2600;80;0.000657915
2600;76;0.000641545
2600;84;0.000715894
2600;72;0.000816673
2600;72;0.000849766
2600;70;0.000816954
2600;74;0.000769425
2600;74;0.000728748
2600;68;0.000656633
2600;65;0.000642076
2600;76;0.00068189
2600;71;0.000655721
2600;82;0.000641845
2600;80;0.000677712
2600;74;0.000652846
2600;90;0.000641925
2600;67;0.00069738
2600;77;0.000667804
2600;79;0.000689103
2600;63;0.000661131
2600;72;0.000654749
2600;65;0.00064402
2600;65;0.000779393
2600;71;0.000869593
2600;51;0.000744227
2600;66;0.000648517
2600;67;0.000685808
2600;67;0.00065494
2600;64;0.000646554
2600;75;0.000661852
2600;60;0.000657695
2600;65;0.00066541
2600;80;0.000683874
2600;83;0.000692681
2600;61;0.000709592
2600;70;0.00065479
2600;63;0.00069792
2600;67;0.000642597
2600;56;0.000655641
2600;51;0.000654929
2600;66;0.000672713
2600;61;0.000860596
2600;71;0.000880884
2600;62;0.00068728
2600;66;0.000640181
2600;74;0.000660119
2600;76;0.000679676
2600;76;0.000638018
2600;67;0.000655311
2600;61;0.000690526
2600;69;0.000637738
2600;71;0.000652094
2600;74;0.000674937
2600;72;0.000766068
2600;99;0.000699563
2600;107;0.000664137
2600;103;0.000654108
2600;65;0.000667233
2600;70;0.000649149
2600;89;0.000669727
2600;95;0.000668915
2600;70;0.000648697
2600;79;0.000714782
2600;108;0.000667523
2600;104;0.000685076
2600;78;0.000729169
2600;108;0.000667583
2600;81;0.000695426
2600;110;0.000664638
2600;102;0.000835679
2600;91;0.000689104
2600;69;0.000651173
2600;85;0.000663415
2600;79;0.000683723
2600;87;0.000643458
2600;89;0.000665449
2600;98;0.000666742
2600;65;0.00064449
2600;67;0.000658597
2600;81;0.000672372
2600;102;0.000645041
2600;111;0.000663155
2600;74;0.000707648
2600;80;0.000706938
2600;84;0.000751531
2600;79;0.000721725
2600;79;0.00066536
2600;64;0.00078855
2600;66;0.000802868
2600;75;0.000682421
2600;76;0.000649299
2600;70;0.000692992
2600;98;0.000691558
2600;87;0.00064964
2600;86;0.00066561
2600;78;0.00066585
2600;79;0.000643699
2600;77;0.000666381
2600;86;0.000699103
2600;87;0.000645121
2600;74;0.00074027
2600;92;0.000666952
2600;80;0.00064424
2600;80;0.000667172
2600;82;0.000665469
2600;85;0.000748896
2600;80;0.000683464
2600;75;0.000675498
2600;87;0.000678083
2600;76;0.000652074
2600;79;0.000666471
2600;96;0.000658406
2600;78;0.000643858
2600;75;0.000805312
2600;101;0.000786898
2600;65;0.001156756
2600;95;0.000728558
2600;68;0.001050197
2600;97;0.000773172
2600;79;0.000927752
2600;63;0.000895191
2600;80;0.000789192
2600;96;0.000878619
2600;97;0.000732395
2600;80;0.000808899
2600;77;0.000813527
2600;87;0.000826131
2600;80;0.000780926
2600;77;0.000755358
2600;99;0.00085209
2600;77;0.000748245
2600;74;0.000801435
2600;97;0.000779954
2600;82;0.000807135
2600;77;0.001702266
2600;77;0.000886525
2600;75;0.000752132
2600;62;0.000767401
2600;95;0.000778582
2600;84;0.000782039
2600;75;0.000704563
2600;94;0.000747734
2600;73;0.000821863
2600;69;0.001061443
2600;62;0.001085819
2600;96;0.000927992
2600;85;0.000773893
2600;82;0.000797197
2600;70;0.000765417
2600;80;0.000873911
2600;74;0.000794873
2600;80;0.000722737
2600;73;0.000864513
2600;80;0.000814409
2600;75;0.000784373
2600;71;0.000800052
2600;98;0.000725562
2600;66;0.000797938
2600;94;0.000775386
2600;76;0.00094766
2600;73;0.000831802
2600;79;0.000930828
2600;78;0.000776458
2600;71;0.000766759
2600;78;0.000773081
2600;73;0.000787358
2600;86;0.00072454
2600;93;0.000770677
2600;74;0.000770006
2600;81;0.000824348
2600;98;0.000733808
2600;73;0.000757723
2600;73;0.000795443
2600;81;0.000812525
2600;112;0.000720463
2600;106;0.00070284
2600;122;0.000850617
2600;115;0.000893157
2600;105;0.000710244
2600;97;0.000667744
2600;81;0.000654659
2600;84;0.000671871
2600;75;0.000709191
2600;102;0.000650562
2600;102;0.000668435
2600;101;0.000664087
2600;91;0.000643358
2600;108;0.000685928
2600;109;0.000661772
2600;89;0.000662523
2600;119;0.000667012
2600;84;0.000662925
2600;80;0.000645983
2600;122;0.000787523
2600;102;0.000700606
2600;86;0.000689364
2600;86;0.000775677
2600;124;0.000695526
2600;89;0.000695676
2600;92;0.000716976
2600;114;0.000687631
2600;98;0.000647246
2600;118;0.000703721
2600;79;0.000749197
2600;85;0.000977385
2600;67;0.001420474
2600;83;0.001024504
2600;62;0.000819849
2600;63;0.001002005
2600;65;0.000679906
2600;61;0.000682121
2600;64;0.000650531
2600;68;0.000666782
2600;69;0.000668335
2600;79;0.000646254
2600;55;0.00066061
2600;74;0.000674446
2600;66;0.00064461
2600;66;0.000668184
2600;76;0.000661221
2600;68;0.000648578
2600;70;0.000868821
2600;72;0.00087854
2600;85;0.00083082
2600;72;0.0006446
2600;63;0.00076744
2600;77;0.000667884
2600;72;0.000660349
2600;59;0.000645321
2600;80;0.000705194
2600;63;0.000666942
2600;76;0.000662133
2600;63;0.00069266
2600;100;0.000818587
2600;87;0.000718128
2600;84;0.000645562
2600;78;0.000662905
2600;81;0.000664718
2600;93;0.000653627
2600;83;0.000661982
2600;91;0.000657474
2600;67;0.0006444
2600;76;0.000677422
2600;99;0.000661412
2600;69;0.000648938
2600;84;0.00067661
2600;79;0.000874813
2600;84;0.000960693
2600;81;0.001180841
2600;74;0.000774965
2600;65;0.000648047
2600;83;0.000674887
2600;97;0.000673254
2600;86;0.000646093
2600;85;0.000841154
2600;91;0.000744307
2600;94;0.000672432
2600;72;0.000646835
2600;96;0.00068198
2600;86;0.000661693
2600;79;0.000652495
2600;81;0.000697159
2600;76;0.00066047
2600;56;0.000730011
2600;64;0.000747333
2600;73;0.000665089
2600;76;0.000704944
2600;65;0.000649609
2600;56;0.00066003
2600;78;0.000657194
2600;68;0.000640833
2600;63;0.000669066
2600;65;0.000699824
2600;65;0.000657074
2600;60;0.000702018
2600;72;0.000739789
2600;63;0.000644671
2600;61;0.000681179
2600;68;0.000683193
2600;70;0.000672182
2600;58;0.000657835
2600;62;0.000662694
2600;78;0.000636825
2600;57;0.000656643
2600;59;0.000657665
2600;63;0.000640352
2600;69;0.000672032
2600;62;0.000981087
2600;68;0.000738507
2600;76;0.00064949
2600;56;0.000783235
2600;69;0.000696117
2600;52;0.000681139
3100;77;0.000801515
3100;83;0.000773382
3100;104;0.000870464
3100;88;0.000851158
3100;96;0.00079884
3100;90;0.000768232
3100;82;0.000773623
3100;71;0.000775245
3100;73;0.00077188
3100;95;0.000780225
3100;85;0.000754256
3100;83;0.000879541
3100;103;0.000774635
3100;89;0.000782199
3100;77;0.000750439
3100;88;0.000759105
3100;80;0.000796005
3100;108;0.000765156
3100;81;0.000758073
3100;96;0.000999096
3100;91;0.000824768
3100;80;0.000895522
3100;119;0.000780275
3100;89;0.000813187
3100;105;0.000759366
3100;82;0.000744237
3100;87;0.00076699
3100;80;0.000763364
3100;85;0.000760728
3100;72;0.00075615
3100;96;0.00089448
3100;110;0.000773101
3100;92;0.000779203
3100;130;0.00076176
3100;94;0.000762381
3100;109;0.000772551
3100;112;0.000775225
3100;114;0.000767851
3100;143;0.000776448
3100;104;0.00083583
3100;106;0.000787719
3100;115;0.000770817
3100;116;0.000981803
3100;107;0.001084095
3100;97;0.000902044
3100;122;0.000881946
3100;93;0.000749707
3100;104;0.000771167
3100;122;0.000774624
3100;108;0.000766679
3100;118;0.000750038
3100;126;0.000770276
3100;116;0.00085715
3100;82;0.000778802
3100;120;0.00079347
3100;95;0.000748515
3100;96;0.000772681
3100;82;0.000768623
3100;101;0.000815732
3100;102;0.00098545
3100;54;0.001009355
3100;62;0.000977459
3100;53;0.000861197
3100;54;0.000762652
3100;54;0.000769184
3100;60;0.000798253
3100;78;0.000781186
3100;75;0.000769505
3100;69;0.000833876
3100;83;0.000815551
3100;74;0.000766149
3100;70;0.000769384
3100;71;0.000761028
3100;83;0.000754547
3100;84;0.000765287
3100;85;0.00078291
3100;68;0.00085734
3100;71;0.000801044
3100;78;0.000844085
3100;84;0.000774123
3100;79;0.000808238
3100;72;0.000788771
3100;61;0.000769575
3100;74;0.000770747
3100;69;0.000767301
3100;60;0.000769725
3100;79;0.00074564
3100;60;0.000765067
3100;80;0.000842381
3100;56;0.000767591
3100;83;0.001007792
3100;73;0.00098055
3100;78;0.000924245
3100;89;0.000779513
3100;76;0.000744939
3100;77;0.000764656
3100;86;0.000769585
3100;90;0.00077257
3100;90;0.00084643
3100;72;0.000931899
3100;71;0.000794661
3100;70;0.000778471
3100;67;0.000806164
3100;77;0.000766169
3100;93;0.00074593
3100;87;0.000763253
3100;83;0.000768233
3100;71;0.000874963
3100;76;0.000920488
3100;69;0.001029583
3100;93;0.000787499
3100;74;0.000755879
3100;90;0.00083068
3100;73;0.000763794
3100;78;0.000819739
3100;65;0.000763414
3100;58;0.000748936
3100;75;0.000918224
3100;82;0.00079878
3100;89;0.000769374
3100;89;0.000924646
3100;93;0.000775305
3100;64;0.000837763
3100;62;0.001446155
3100;83;0.00102266
3100;70;0.000859133
3100;64;0.000826682
3100;89;0.000815732
3100;82;0.000755168
3100;89;0.000741813
3100;80;0.000786056
3100;75;0.000796846
3100;80;0.000762943
3100;89;0.000814369
3100;93;0.000967707
3100;73;0.000934855
3100;85;0.000764355
3100;66;0.000787157
3100;76;0.001038339
3100;74;0.001250217
3100;77;0.000926529
3100;68;0.000893798
3100;92;0.00108987
3100;93;0.000982966
3100;74;0.000901623
3100;81;0.000770546
3100;95;0.000749467
3100;91;0.000789131
3100;100;0.00076657
3100;90;0.000767651
3100;90;0.000837362
3100;109;0.000769735
3100;125;0.000761159
3100;103;0.000747624
3100;108;0.000759416
3100;140;0.000844946
3100;91;0.000911401
3100;101;0.000832523
3100;120;0.00084182
3100;112;0.000742164
3100;128;0.000766749
3100;130;0.000776217
3100;113;0.000807877
3100;124;0.000744408
3100;93;0.000759345
3100;100;0.000900401
3100;130;0.000774674
3100;107;0.000835991
3100;134;0.00077241
3100;92;0.000747233
3100;138;0.000775216
3100;110;0.000785825
3100;136;0.000789973
3100;131;0.00077247
3100;113;0.000859664
3100;106;0.000773803
3100;132;0.000791075
3100;130;0.000763604
3100;107;0.000744618
3100;133;0.000760728
3100;68;0.001098011
3100;78;0.001053908
3100;70;0.001122066
3100;79;0.001117629
3100;72;0.001201536
3100;70;0.001131735
3100;82;0.000876355
3100;81;0.000773172
3100;70;0.000763995
3100;89;0.000857189
3100;77;0.000852871
3100;65;0.000989938
3100;85;0.000837072
3100;59;0.000769375
3100;65;0.000775786
3100;67;0.000763985
3100;69;0.00081474
3100;65;0.000767611
3100;87;0.000771739
3100;75;0.000751241
3100;73;0.000768342
3100;60;0.000859814
3100;81;0.000797498
3100;73;0.000848468
3100;79;0.000795589
3100;71;0.000873751
3100;64;0.000924656
3100;79;0.000930106
3100;70;0.000947219
3100;81;0.00083068
3100;84;0.001250939
3100;80;0.000795153
3100;68;0.000785034
3100;94;0.000771519
3100;99;0.000807826
3100;87;0.000755238
3100;86;0.000765086
3100;86;0.000810211
3100;87;0.000790484
3100;91;0.000748505
3100;81;0.000760589
3100;82;0.000764555
3100;91;0.000776328
3100;82;0.000763022
3100;80;0.000788961
3100;71;0.000899168
3100;98;0.000934926
3100;88;0.001004556
3100;92;0.000824819
3100;81;0.000768603
3100;87;0.000765357
3100;87;0.000747664
3100;82;0.000767211
3100;80;0.000770647
3100;84;0.000763644
3100;99;0.000750689
3100;86;0.000771649
3100;92;0.000769064
3100;74;0.000786627
3100;92;0.000862996
3100;96;0.000803759
3100;122;0.000789964
3100;98;0.00077222
3100;87;0.000873229
3100;115;0.000912534
3100;79;0.000995419
3100;105;0.000828054
3100;89;0.000785655
3100;78;0.000769665
3100;88;0.000776859
3100;115;0.000774323
3100;102;0.000752332
3100;88;0.000773202
3100;110;0.00084694
3100;101;0.000770497
3100;91;0.000763694
3100;100;0.000749497
3100;116;0.000762622
3100;90;0.000813608
3100;113;0.000769795
3100;94;0.001016619
3100;107;0.001005548
3100;103;0.000760979
3100;115;0.000779804
3100;106;0.000768263
3100;120;0.000766158
3100;105;0.000761579
3100;110;0.000764184
3100;103;0.00079844
3100;85;0.000769044
3100;102;0.000847016
3100;71;0.000780846
3100;79;0.000915188
3100;72;0.000897415
3100;82;0.000958349
3100;69;0.00078818
3100;92;0.00078277
3100;80;0.000775195
3100;72;0.000758694
3100;77;0.0007882
3100;77;0.000775807
3100;93;0.000776187
3100;88;0.00076179
3100;94;0.000779313
3100;88;0.000780145
3100;80;0.00078852
3100;69;0.000828225
3100;80;0.000759686
3100;92;0.00094824
3100;66;0.000934675
3100;84;0.000977846
3100;78;0.00091057
3100;72;0.000776838
3100;91;0.000781968
3100;84;0.000757302
3100;84;0.000776387
3100;93;0.000776588
3100;65;0.000776347
3100;72;0.000817575
3100;90;0.000758774
3100;91;0.000822725
3100;88;0.000802156
3100;68;0.000759797
3100;70;0.000845858
3100;94;0.000746201
3100;70;0.00075607
3100;70;0.000759476
3100;70;0.000776548
3100;69;0.000738637
3100;99;0.000755909
3100;80;0.000986182
3100;75;0.000860626
3100;62;0.000779464
3100;76;0.000770717
3100;78;0.000747022
3100;94;0.000858622
3100;82;0.000763654
3100;81;0.00083084
3100;65;0.00075134
3100;76;0.000741613
3100;89;0.000751982
3100;82;0.000761099
3100;96;0.000751681
3100;76;0.000762502
3100;89;0.000781527
3100;98;0.000762212
3100;91;0.000779012
3100;96;0.00079886
3100;88;0.000954282
3100;79;0.000792007
3100;84;0.000848643
3100;82;0.000754276
3100;88;0.000805603
3100;69;0.000763203
3100;74;0.000760528
3100;67;0.000757893
3100;84;0.000765417
3100;64;0.000764335
3100;84;0.00076684
3100;67;0.000746902
3100;74;0.000896999
3100;67;0.000776057
3100;61;0.000774054
3100;72;0.000959412
3100;93;0.000844165
3100;73;0.000777059
3100;73;0.000776167
3100;64;0.00078888
3100;86;0.000764405
3100;76;0.00076671
3100;90;0.000769284
3100;86;0.000776759
3100;71;0.000758874
3100;61;0.00076209
3100;71;0.00077719
3100;94;0.000765737
3100;76;0.000747703
3100;71;0.000818157
3100;86;0.000768663
3100;73;0.000987845
3100;86;0.000828686
3100;70;0.000748666
3100;104;0.000772981
3100;92;0.000787619
3100;101;0.000767191
3100;104;0.000907233
3100;80;0.000833615
3100;96;0.000978928
3100;87;0.000827353
3100;98;0.000799371
3100;84;0.000860225
3100;93;0.000770577
3100;64;0.000745039
3100;115;0.000765577
3100;96;0.000766289
3100;106;0.00076675
3100;66;0.000758294
3100;86;0.000814449
3100;104;0.000773342
3100;74;0.00076682
3100;81;0.000763213
3100;88;0.000786507
3100;74;0.000838184
3100;85;0.001051494
3100;94;0.001079176
3100;89;0.001059258
3100;89;0.001082733
3100;79;0.000820391
3100;76;0.000773713
3100;82;0.000785234
3100;98;0.000830369
3100;105;0.000804961
3100;84;0.000774003
3100;98;0.000765728
3100;75;0.000749988
3100;101;0.000871246
3100;71;0.001036216
3100;83;0.000987364
3100;90;0.000998926
3100;91;0.001077763
3100;90;0.00105411
3100;82;0.001052626
3100;77;0.000776989
3100;79;0.000760859
3100;92;0.000898686
3100;80;0.000920969
3100;74;0.000767541
3100;80;0.000806695
3100;66;0.000818366
3100;70;0.000768373
3100;104;0.000882216
3100;80;0.001073185
3100;63;0.000922071
3100;93;0.000811724
3100;88;0.000751461
3100;100;0.000775987
3100;95;0.000782109
3100;98;0.00078258
3100;98;0.000748275
3100;64;0.000833825
3100;58;0.00086827
3100;69;0.000887927
3100;74;0.00112374
3100;79;0.000909708
3100;66;0.000795484
3100;63;0.000780415
3100;63;0.000769144
3100;85;0.000774454
3100;69;0.00076196
3100;64;0.000775887
3100;88;0.000774124
3100;61;0.000744688
3100;61;0.000948756
3100;90;0.000787324
3100;78;0.000821332
3100;58;0.000767942
3100;65;0.000761259
3100;67;0.000797958
3100;69;0.000998745
3100;68;0.000999547
3100;61;0.000817114
3100;60;0.000821041
3100;52;0.000775876
3100;77;0.000765297
3100;77;0.000746342
3100;68;0.000770086
3100;71;0.000829327
3100;63;0.000770506
3100;61;0.000748475
3100;74;0.000764185
3100;104;0.001194853
3100;83;0.001025816
3100;104;0.00110773
3100;84;0.001071682
3100;96;0.001083654
3100;102;0.000958099
3100;91;0.000790945
3100;88;0.000834197
3100;92;0.00077771
3100;94;0.000748445
3100;105;0.000764335
3100;102;0.000961315
3100;99;0.000976444
3100;79;0.000806945
3100;83;0.000770917
3100;79;0.000748655
3100;76;0.000759115
3100;102;0.000803328
3100;103;0.000767381
3100;81;0.000747323
3100;80;0.000792538
3100;111;0.00076155
3100;99;0.000762782
3100;100;0.000772931
3100;66;0.000747844
3100;96;0.000761179
3100;88;0.000764596
3100;95;0.00084186
3100;83;0.000833515
3100;99;0.000866367
3100;79;0.002325193
3100;96;0.000974279
3100;79;0.001330257
3100;87;0.000791446
3100;85;0.001296435
3100;75;0.001637436
3100;86;0.001188802
3100;100;0.00110808
3100;99;0.001052226
3100;96;0.000856668
3100;97;0.000877668
3100;86;0.000938563
3100;102;0.000772771
3100;75;0.000741281
3100;92;0.000785033
3100;100;0.000882016
3100;92;0.000848974
3100;81;0.000795253
3100;105;0.000992879
3100;89;0.000775997
3100;91;0.0007563
3100;74;0.000769415
3100;93;0.000807621
3100;90;0.000790514
3100;77;0.000755238
3100;66;0.00077243
3100;98;0.000769404
3100;76;0.000769655
3100;81;0.000749708
3100;79;0.000765678
3100;76;0.00090532
3100;81;0.000762532
3100;120;0.000776417
3100;96;0.000743536
3100;88;0.000860246
3100;86;0.001052496
3100;69;0.001080719
3100;93;0.000806605
3100;87;0.000762732
3100;97;0.0007458
3100;110;0.000766379
3100;68;0.000768934
3100;96;0.000818096
3100;104;0.000749548
3100;95;0.000761279
3100;86;0.000767691
3100;95;0.000765557
3100;109;0.000746201
3100;87;0.000757242
3100;71;0.000775576
3100;70;0.000764075
3100;110;0.000805222
3100;100;0.000781167
3100;120;0.000984789
3100;86;0.001120047
3100;76;0.001063596
3100;75;0.000832793
3100;95;0.000765908
3100;92;0.00077208
3100;75;0.000769545
3100;108;0.000926851
3100;117;0.000875564
3100;119;0.002132816
3100;104;0.001138938
3100;124;0.001033749
3100;82;0.000806123
3100;105;0.000773101
3100;103;0.000784363
3100;133;0.00075083
3100;94;0.00080996
3100;93;0.000776728
3100;89;0.000772961
3100;126;0.000749457
3100;103;0.000764866
3100;108;0.000871266
3100;120;0.000780746
3100;88;0.000904818
3100;110;0.000828185
3100;123;0.000748836
3100;128;0.000766709
3100;98;0.001308716
3100;94;0.000928946
3100;112;0.000999445
3100;121;0.00081793
3100;104;0.000775887
3100;122;0.000869438
3100;102;0.000806605
3100;109;0.000747443
3100;85;0.000767571
3100;85;0.000772932
3100;65;0.000908777
3100;88;0.000820751
3100;86;0.000978397
3100;85;0.001051949
3100;61;0.0013345
3100;88;0.001358883
3100;79;0.00084681
3100;94;0.000801925
3100;89;0.000783361
3100;92;0.000763664
3100;88;0.000748636
3100;79;0.000774724
3100;89;0.00104958
3100;67;0.001017019
3100;67;0.001020035
3100;87;0.001292907
3100;81;0.000808989
3100;82;0.000925347
3100;86;0.000813299
3100;97;0.001280232
3100;105;0.000850366
3100;81;0.000943926
3100;74;0.000810452
3100;77;0.000804697
3100;87;0.000752002
3100;83;0.000887075
3100;100;0.000770016
3100;68;0.00077233
3100;68;0.000783812
3100;82;0.000859574
3100;67;0.001048779
3100;76;0.000818977
3100;72;0.00077255
3100;71;0.000769174
3100;93;0.000747514
3100;101;0.000786376
3100;80;0.000768813
3100;95;0.000782609
3100;75;0.000766338
3100;83;0.000766298
3100;73;0.000893467
3100;93;0.000773342
3100;63;0.000759296
3100;86;0.000763624
3100;91;0.000770847
3100;65;0.000875183
3100;71;0.000927382
3100;66;0.000773933
3100;63;0.000746642
3100;75;0.000775917
3100;63;0.000764926
3100;69;0.000770928
3100;64;0.000753925
3100;98;0.000783652
3100;82;0.000809259
3100;93;0.000768733
3100;88;0.000774794
3100;71;0.000741042
3100;93;0.000764084
3100;70;0.000798189
3100;109;0.000927792
3100;92;0.00078814
3100;83;0.000764044
3100;92;0.000831401
3100;108;0.000750419
3100;88;0.000760709
3100;91;0.000762521
3100;85;0.000760357
3100;92;0.000771018
3100;96;0.000769535
3100;98;0.000768122
3100;86;0.000807406
3100;65;0.000741552
3100;95;0.000829758
3100;93;0.001757095
3100;82;0.000898587
3100;112;0.000797918
3100;93;0.000739588
3100;90;0.000767091
3100;94;0.000765758
3100;79;0.000769364
3100;98;0.000758194
3100;97;0.000748084
3100;99;0.000780406
3100;94;0.000764595
3100;70;0.000756892
3100;116;0.000746922
3100;99;0.000757372
3100;76;0.000844766
3100;90;0.001032188
3100;83;0.000835489
3100;108;0.00081486
3100;81;0.000785395
3100;112;0.000766269
3100;90;0.000750539
3100;106;0.000904739
3100;91;0.000951617
3100;84;0.001146161
3100;113;0.000999757
3100;82;0.000847662
3100;111;0.000803458
3100;85;0.00077241
3100;99;0.000760388
3100;80;0.000748315
3100;100;0.000775927
3100;79;0.00078294
3100;98;0.000782018
3100;104;0.00078795
3100;91;0.000766018
3100;101;0.00080401
3100;93;0.000809239
3100;79;0.001152865
3100;88;0.001027249
3100;100;0.000822544
3100;107;0.000793971
3100;79;0.000776328
3100;83;0.000839472
3100;86;0.000849175
3100;91;0.000768974
3100;102;0.000760297
3100;99;0.001132957
3100;100;0.000771449
3100;89;0.000764876
3100;93;0.000752122
3100;94;0.000762883
3100;102;0.000782228
3100;88;0.000763644
3100;88;0.000753204
3100;81;0.000758804
3100;79;0.000802367
3100;103;0.000815631
3100;83;0.000759396
3100;83;0.000762812
3100;99;0.0007621
3100;103;0.000763834
3100;89;0.00084188
3100;90;0.00086832
3100;90;0.000894059
3100;79;0.00102806
3100;79;0.000804801
3100;82;0.000760679
3100;109;0.000799962
3100;94;0.000760808
3100;94;0.000753585
3100;110;0.000823306
3100;81;0.000767681
3100;115;0.000766579
3100;85;0.000758744
3100;74;0.000749908
3100;107;0.000819719
3100;86;0.00080423
3100;64;0.000767551
3100;76;0.000769886
3100;77;0.000768192
3100;75;0.000778472
3100;81;0.000773362
3100;80;0.000758585
3100;96;0.000768002
3100;74;0.000840067
3100;79;0.000888258
3100;75;0.001041866
3100;94;0.000994918
3100;90;0.00077752
3100;91;0.000765578
3100;94;0.00074585
3100;96;0.000765177
3100;96;0.000780485
3100;97;0.000760428
3100;107;0.000748666
3100;83;0.000768342
3100;81;0.000800683
3100;93;0.00076712
3100;74;0.000755278
3100;95;0.000765077
3100;96;0.000765577
3100;74;0.000763132
3100;94;0.000983517
3100;93;0.001079908
3100;70;0.000773102
3100;86;0.000762882
3100;82;0.001010718
3100;84;0.001143758
3100;105;0.000965923
3100;93;0.000762783
3100;83;0.000749427
3100;82;0.000762491
3100;98;0.000776338
3100;77;0.000769284
3100;88;0.000760257
3100;95;0.000796225
3100;100;0.000762722
3100;92;0.000770276
3100;99;0.000795483
3100;109;0.000747313
3100;104;0.000791156
3100;84;0.000767601
3100;93;0.000906542
3100;84;0.000816323
3100;97;0.000751201
3100;81;0.000761229
3100;71;0.000795954
3100;89;0.000816734
3100;85;0.000771468
3100;92;0.000750138
3100;111;0.000762492
3100;91;0.000765166
3100;85;0.000764666
3100;75;0.000779734
3100;85;0.000787168
3100;102;0.000771258
3100;74;0.00093212
3100;76;0.00079386
3100;84;0.000743576
3100;72;0.000766449
3100;99;0.000762302
3100;76;0.000893908
3100;93;0.000735732
3100;86;0.000779964
3100;106;0.000765547
3100;99;0.000759966
3100;89;0.000737755
3100;92;0.000756731
3100;78;0.000759415
3100;78;0.000776908
3100;65;0.000759136
3100;98;0.000742734
3100;88;0.000954863
3100;77;0.000930446
3100;63;0.000798338
3100;98;0.0007567
3100;71;0.00073477
3100;77;0.00075627
3100;70;0.000758985
3100;99;0.000753936
3100;81;0.00075636
3100;98;0.00080408
3100;76;0.000766158
3100;77;0.000762522
3100;68;0.000752443
3100;85;0.000752342
3100;115;0.000844726
3100;107;0.0008465
3100;107;0.000920418
3100;112;0.00082543
3100;101;0.000753735
3100;77;0.000769775
3100;90;0.000921706
3100;95;0.000784824
3100;93;0.000765968
3100;91;0.00074542
3100;101;0.000774594
3100;92;0.000766449
3100;126;0.000794217
3100;96;0.000761079
3100;98;0.000792638
3100;101;0.000765137
3100;99;0.000780245
3100;109;0.000779844
3100;108;0.000773732
3100;112;0.000869853
3100;110;0.000768653
3100;84;0.000766749
3100;97;0.000842135
3100;95;0.00075098
3100;98;0.000776053
3100;110;0.000774184
3100;120;0.000763663
3100;81;0.000743465
3100;107;0.000767891
3100;73;0.00078295
3100;124;0.001000258
3100;86;0.000775726
3100;72;0.000746511
3100;76;0.000800895
3100;75;0.000770046
3100;82;0.000808603
3100;90;0.000769495
3100;88;0.000819088
3100;79;0.000763313
3100;112;0.000773141
3100;83;0.000767682
3100;81;0.000774895
3100;90;0.000776848
3100;101;0.0007666
3100;81;0.000789462
3100;112;0.001016739
3100;103;0.000811313
3100;125;0.000752813
3100;104;0.001177519
3100;90;0.00082048
3100;105;0.000897993
3100;100;0.000773272
3100;77;0.000773893
3100;86;0.00076712
3100;85;0.000747814
3100;100;0.000771448
3100;124;0.000801204
3100;97;0.000782739
3100;83;0.000761159
3100;121;0.000790103
3100;85;0.001014344
3100;85;0.000847512
3100;71;0.000769334
3100;70;0.000774795
3100;75;0.000764385
3100;81;0.000749277
3100;73;0.000777761
3100;78;0.000775125
3100;88;0.000763734
3100;79;0.0007725
3100;67;0.000837492
3100;89;0.000769545
3100;62;0.000771128
3100;72;0.000801104
3100;87;0.00076164
3100;79;0.000829087
3100;80;0.000792398
3100;92;0.000771949
3100;72;0.000805983
3100;79;0.000756741
3100;85;0.000776137
3100;82;0.00077764
3100;87;0.000768333
3100;89;0.01119092
3100;86;0.000970051
3100;65;0.00093708
3100;98;0.000999526
3100;69;0.000961555
3100;82;0.000951176
3100;74;0.000936869
3600;108;0.001011198
3600;114;0.001014214
3600;110;0.001174665
3600;138;0.001387675
3600;107;0.001014755
3600;121;0.000951937
3600;116;0.000957027
3600;92;0.000944633
3600;110;0.000945084
3600;117;0.000999958
3600;103;0.001079847
3600;142;0.000984499
3600;89;0.00097468
3600;111;0.000988576
3600;99;0.001106829
3600;108;0.000999376
3600;142;0.001178703
3600;100;0.000944884
3600;111;0.000966845
3600;139;0.000971003
3600;113;0.000950113
3600;102;0.00095907
3600;143;0.000950544
3600;112;0.001068205
3600;105;0.000951336
3600;110;0.001024984
3600;121;0.001258082
3600;103;0.001130563
3600;106;0.000991582
3600;104;0.001050482
3600;88;0.00161365
3600;89;0.001208229
3600;82;0.000954692
3600;87;0.000914337
3600;90;0.000934054
3600;86;0.000925398
3600;87;0.000929324
3600;111;0.00093214
3600;83;0.000944824
3600;93;0.00092698
3600;89;0.000928764
3600;88;0.000950124
3600;116;0.000931649
3600;92;0.00114516
3600;96;0.001215161
3600;108;0.001276467
3600;111;0.001020556
3600;110;0.000956646
3600;78;0.000910058
3600;119;0.000924336
3600;82;0.000927471
3600;107;0.000982054
3600;93;0.000934144
3600;125;0.000933603
3600;95;0.000932511
3600;86;0.000929395
3600;93;0.000999146
3600;73;0.000982996
3600;114;0.000935116
3600;91;0.000995699
3600;106;0.001006239
3600;87;0.000947158
3600;95;0.001152203
3600;90;0.001402363
3600;129;0.001396215
3600;99;0.003331352
3600;92;0.00195467
3600;80;0.001345216
3600;98;0.00121997
3600;126;0.001082171
3600;123;0.001563857
3600;101;0.001785472
3600;116;0.001378568
3600;109;0.00098525
3600;105;0.00108089
3600;92;0.001286856
3600;102;0.001446726
3600;129;0.000984748
3600;116;0.001047957
3600;101;0.000935727
3600;114;0.000917954
3600;105;0.001474525
3600;99;0.001067695
3600;110;0.00109181
3600;100;0.001125296
3600;110;0.001132596
3600;134;0.000952278
3600;77;0.001416142
3600;102;0.001075639
3600;116;0.000986361
3600;135;0.001298908
3600;124;0.000962097
3600;106;0.000940395
3600;131;0.000935776
3600;148;0.000963248
3600;144;0.000951316
3600;86;0.001132176
3600;126;0.00102264
3600;150;0.001037488
3600;84;0.001009745
3600;111;0.001108711
3600;109;0.000932831
3600;125;0.000989257
3600;99;0.000936578
3600;110;0.001021918
3600;134;0.000935437
3600;83;0.000964891
3600;137;0.00093184
3600;107;0.000929135
3600;144;0.000922732
3600;103;0.000940416
3600;134;0.000924085
3600;116;0.001140396
3600;96;0.001207306
3600;90;0.001035845
3600;108;0.000961135
3600;146;0.000989428
3600;126;0.0009908
3600;109;0.000952068
3600;124;0.000931889
3600;97;0.000987694
3600;120;0.000932181
3600;94;0.000930106
3600;89;0.001032408
3600;86;0.001009505
3600;117;0.000971955
3600;103;0.000957688
3600;104;0.001008724
3600;74;0.001789259
3600;97;0.001010387
3600;102;0.000972877
3600;82;0.000940956
3600;106;0.000929344
3600;86;0.000925818
3600;109;0.000928724
3600;85;0.000928854
3600;84;0.001030464
3600;113;0.001083985
3600;94;0.000922652
3600;117;0.000911692
3600;114;0.000925057
3600;110;0.000957979
3600;105;0.000928403
3600;129;0.000929846
3600;77;0.001036712
3600;99;0.000935456
3600;100;0.000955173
3600;98;0.000968068
3600;110;0.000941898
3600;84;0.000939294
3600;121;0.001079417
3600;121;0.000961065
3600;118;0.000997934
3600;113;0.000920648
3600;98;0.000941568
3600;150;0.000947249
3600;134;0.000931088
3600;129;0.000928944
3600;146;0.000980712
3600;116;0.000931238
3600;120;0.000950585
3600;117;0.00093195
3600;124;0.001182821
3600;123;0.000999827
3600;126;0.000944984
3600;113;0.000939654
3600;123;0.000924706
3600;118;0.000928864
3600;100;0.000930497
3600;98;0.000954563
3600;118;0.001369155
3600;139;0.001202775
3600;120;0.00104986
3600;120;0.001028892
3600;124;0.000936789
3600;131;0.001019675
3600;119;0.001043309
3600;113;0.000922742
3600;120;0.000923294
3600;135;0.000922001
3600;165;0.001380702
3600;129;0.000946207
3600;139;0.000987223
3600;163;0.00100101
3600;136;0.000930767
3600;135;0.000934465
3600;140;0.000933913
3600;156;0.000932981
3600;109;0.000941418
3600;123;0.000924917
3600;120;0.000930036
3600;126;0.000925888
3600;125;0.001024153
3600;116;0.001558791
3600;139;0.001084035
3600;122;0.001295699
3600;136;0.000960053
3600;131;0.001001079
3600;148;0.000932741
3600;153;0.000907684
3600;128;0.000920609
3600;108;0.000924035
3600;125;0.000969059
3600;119;0.00092138
3600;152;0.000929105
3600;114;0.00102825
3600;112;0.001023992
3600;120;0.000931969
3600;142;0.000931579
3600;143;0.000951667
3600;132;0.000992203
3600;147;0.000931378
3600;95;0.000934645
3600;136;0.000943622
3600;160;0.000931789
3600;122;0.000930076
3600;124;0.000929806
3600;138;0.000925317
3600;138;0.000954232
3600;135;0.001097811
3600;115;0.001245198
3600;110;0.001015828
3600;127;0.001174705
3600;119;0.001210393
3600;172;0.000948471
3600;130;0.000933122
3600;165;0.000927431
3600;113;0.00092646
3600;122;0.000939043
3600;133;0.000985601
3600;111;0.000928663
3600;119;0.000928804
3600;126;0.001005799
3600;123;0.000953981
3600;119;0.000959973
3600;91;0.000922662
3600;166;0.001029253
3600;166;0.000944814
3600;168;0.000992744
3600;167;0.000987855
3600;93;0.000984759
3600;117;0.000982134
3600;95;0.000930066
3600;107;0.000951016
3600;138;0.000936318
3600;101;0.00117729
3600;129;0.001233405
3600;124;0.001014645
3600;83;0.00097497
3600;95;0.000934996
3600;110;0.000940416
3600;137;0.000938542
3600;96;0.000935536
3600;110;0.000945875
3600;108;0.000926399
3600;102;0.000954742
3600;95;0.000972736
3600;108;0.000898036
3600;109;0.000983527
3600;103;0.001160268
3600;104;0.00096968
3600;107;0.000927171
3600;100;0.000927451
3600;111;0.000940686
3600;144;0.001163043
3600;92;0.000969269
3600;104;0.000929344
3600;134;0.000929825
3600;94;0.00093699
3600;93;0.000930958
3600;90;0.000997813
3600;88;0.001013193
3600;114;0.000941036
3600;101;0.000919887
3600;93;0.000923434
3600;95;0.000925758
3600;93;0.000958199
3600;104;0.000951887
3600;101;0.000926249
3600;111;0.000935928
3600;94;0.001127597
3600;101;0.001269834
3600;94;0.000946688
3600;79;0.000925738
3600;98;0.000929615
3600;98;0.001035838
3600;92;0.000990089
3600;105;0.000927862
3600;82;0.000925277
3600;80;0.000920879
3600;92;0.000968799
3600;87;0.000943692
3600;113;0.000928924
3600;93;0.000928774
3600;112;0.000987975
3600;74;0.000991853
3600;92;0.000929485
3600;99;0.000951486
3600;113;0.000924156
3600;98;0.000918644
3600;83;0.001017971
3600;122;0.000935326
3600;90;0.000964291
3600;113;0.001011429
3600;81;0.001011229
3600;85;0.000938472
3600;89;0.000952188
3600;82;0.000935236
3600;87;0.000931519
3600;80;0.000928032
3600;88;0.00092661
3600;85;0.00093741
3600;80;0.000959442
3600;93;0.000956445
3600;77;0.00091102
3600;103;0.000930948
3600;97;0.000929505
3600;84;0.001010498
3600;120;0.001104333
3600;85;0.000949413
3600;88;0.000928804
3600;87;0.000925077
3600;88;0.000955253
3600;103;0.000965142
3600;87;0.000922622
3600;94;0.000934725
3600;81;0.000929285
3600;125;0.00093762
3600;93;0.000949473
3600;87;0.001309998
3600;141;0.001023772
3600;101;0.000937951
3600;112;0.000975211
3600;135;0.000939203
3600;121;0.000939374
3600;125;0.000946998
3600;125;0.011405099
3600;114;0.001144619
3600;135;0.001142315
3600;84;0.001133528
3600;120;0.001135452
3600;99;0.001167091
3600;109;0.001134209
3600;124;0.001306082
3600;119;0.001233165
3600;117;0.001302546
3600;83;0.001135202
3600;123;0.001152423
3600;102;0.001099774
3600;118;0.001126074
3600;131;0.001135131
3600;127;0.001132737
3600;111;0.001131124
3600;112;0.00117151
3600;113;0.001300972
3600;116;0.001044161
3600;120;0.000948811
3600;118;0.000933973
3600;110;0.000916571
3600;115;0.000956937
3600;83;0.00125145
3600;115;0.000942269
3600;77;0.000936639
3600;129;0.000939514
3600;105;0.000945966
3600;79;0.000927932
3600;120;0.000946607
3600;104;0.000968629
3600;94;0.00092673
3600;86;0.001004446
3600;96;0.000925277
3600;121;0.000930728
3600;116;0.001003925
3600;126;0.001019173
3600;101;0.000975281
3600;109;0.000933512
3600;89;0.000930497
3600;131;0.000931759
3600;98;0.00096918
3600;89;0.000935997
3600;102;0.000935106
3600;117;0.000934905
3600;107;0.000971063
3600;77;0.000938011
3600;94;0.000960133
3600;128;0.000930427
3600;91;0.001124401
3600;93;0.000998154
3600;105;0.000964611
3600;114;0.000962406
3600;105;0.001614371
3600;106;0.00101729
3600;130;0.000960012
3600;125;0.000952869
3600;154;0.001045022
3600;153;0.000943171
3600;100;0.000929516
3600;133;0.001005097
3600;138;0.000983206
3600;158;0.000949633
3600;132;0.000935687
3600;88;0.000934555
3600;142;0.001008293
3600;129;0.001087441
3600;113;0.001092601
3600;114;0.000972005
3600;114;0.000948762
3600;135;0.000970502
3600;115;0.000914166
3600;116;0.000946808
3600;119;0.001035685
3600;115;0.000954502
3600;116;0.00094274
3600;92;0.00093215
3600;112;0.001015056
3600;98;0.000956075
3600;95;0.001240996
3600;144;0.001266067
3600;119;0.001052857
3600;117;0.00093742
3600;68;0.001029143
3600;73;0.001016729
3600;109;0.000946717
3600;88;0.000938332
3600;83;0.000960704
3600;99;0.000931599
3600;73;0.000935938
3600;92;0.000938732
3600;103;0.000933262
3600;88;0.001019924
3600;103;0.001030404
3600;85;0.000941959
3600;81;0.001405834
3600;104;0.001207212
3600;68;0.001006529
3600;93;0.000950595
3600;78;0.000986683
3600;89;0.000941307
3600;96;0.000938522
3600;82;0.000954301
3600;79;0.000987344
3600;98;0.000937841
3600;93;0.001155099
3600;96;0.000956506
3600;93;0.000970572
3600;102;0.000933042
3600;104;0.00093214
3600;87;0.001319643
3600;77;0.001087978
3600;89;0.001039863
3600;103;0.001004957
3600;112;0.000944173
3600;125;0.000943301
3600;105;0.000940356
3600;114;0.001408218
3600;100;0.001031266
3600;93;0.000991672
3600;88;0.001123329
3600;95;0.000972716
3600;117;0.001384656
3600;78;0.001019815
3600;92;0.000954211
3600;91;0.00093246
3600;85;0.000930568
3600;85;0.000927471
3600;82;0.000937991
3600;103;0.000935737
3600;119;0.000981293
3600;114;0.000934464
3600;94;0.000989248
3600;95;0.001212917
3600;96;0.00096375
3600;114;0.000935857
3600;86;0.000969791
3600;121;0.000932941
3600;79;0.000934013
3600;124;0.000927832
3600;94;0.000960474
3600;86;0.00092125
3600;81;0.000942269
3600;135;0.001015146
3600;120;0.000935186
3600;126;0.000950594
3600;132;0.000936439
3600;119;0.000961174
3600;160;0.000917914
3600;118;0.000922923
3600;124;0.000939564
3600;145;0.000926429
3600;143;0.000925458
3600;119;0.000931529
3600;128;0.000991492
3600;117;0.001045633
3600;131;0.000957798
3600;122;0.001618689
3600;91;0.00105519
3600;101;0.000960964
3600;136;0.000939744
3600;109;0.000928894
3600;164;0.000930227
3600;137;0.000919957
3600;127;0.000930247
3600;131;0.000929836
3600;159;0.000958099
3600;144;0.001000578
3600;121;0.001132597
3600;104;0.000956386
3600;132;0.000941417
3600;111;0.000960464
3600;119;0.000923233
3600;106;0.001143337
3600;111;0.000968559
3600;116;0.000932671
3600;118;0.000905399
3600;99;0.000931909
3600;132;0.000940206
3600;122;0.001015807
3600;112;0.00096916
3600;106;0.000960904
3600;155;0.00093742
3600;118;0.000982815
3600;93;0.000972566
3600;96;0.000954011
3600;137;0.000917743
3600;108;0.000932851
3600;107;0.000931108
3600;113;0.000937901
3600;107;0.001004285
3600;102;0.000933422
3600;111;0.0009265
3600;108;0.001012731
3600;105;0.001077744
3600;109;0.000947769
3600;108;0.000927321
3600;126;0.000931809
3600;104;0.000932601
3600;118;0.000933222
3600;122;0.001375276
3600;93;0.00113173
3600;107;0.000966094
3600;113;0.001748366
3600;105;0.000945415
3600;134;0.000928744
3600;113;0.000923003
3600;123;0.000971594
3600;136;0.000940545
3600;96;0.000918043
3600;111;0.001032339
3600;115;0.001016308
3600;126;0.001271932
3600;84;0.001165995
3600;129;0.000962207
3600;97;0.000949663
3600;135;0.000924336
3600;122;0.000995839
3600;139;0.001125123
3600;132;0.001005748
3600;131;0.000921491
3600;104;0.000934003
3600;107;0.000952899
3600;103;0.001064468
3600;137;0.000973288
3600;132;0.001037117
3600;119;0.000962698
3600;116;0.001001079
3600;108;0.000950534
3600;88;0.000931529
3600;114;0.000926129
3600;90;0.000929856
3600;101;0.000925107
3600;100;0.001581009
3600;89;0.000934455
3600;97;0.000961425
3600;117;0.001002943
3600;121;0.001289205
3600;108;0.001177917
3600;100;0.000968639
3600;111;0.00096936
3600;99;0.000928423
3600;100;0.000925849
3600;112;0.000934965
3600;122;0.00093171
3600;95;0.001248814
3600;120;0.001053478
3600;101;0.000944293
3600;89;0.00093212
3600;99;0.000924836
3600;93;0.000941187
3600;93;0.000975702
3600;113;0.000928383
3600;114;0.000961766
3600;100;0.000934013
3600;74;0.000991342
3600;99;0.000938271
3600;137;0.000930306
3600;93;0.000977185
3600;88;0.00096407
3600;124;0.000978768
3600;118;0.000923043
3600;93;0.000918485
3600;126;0.00102278
3600;109;0.001003423
3600;129;0.000953249
3600;118;0.000932822
3600;135;0.001449471
3600;88;0.001013663
3600;121;0.000951847
3600;118;0.000954452
3600;124;0.00093171
3600;101;0.000928763
3600;129;0.000923834
3600;110;0.001036737
3600;100;0.001040523
3600;124;0.000912063
3600;103;0.000933122
3600;97;0.000933693
3600;147;0.000929465
3600;123;0.000942189
3600;137;0.00093729
3600;147;0.000927301
3600;130;0.000971244
3600;144;0.000998665
3600;126;0.00095355
3600;94;0.00093764
3600;122;0.000930227
3600;148;0.000996521
3600;149;0.000976453
3600;137;0.000989488
3600;146;0.00093748
3600;127;0.000929175
3600;104;0.000976323
3600;100;0.000933383
3600;122;0.000950855
3600;95;0.000934054
3600;102;0.000920739
3600;138;0.001042957
3600;109;0.000938642
3600;114;0.000984703
3600;105;0.000933552
3600;101;0.001100833
3600;136;0.001090077
3600;115;0.000944864
3600;100;0.000929615
3600;116;0.000929936
3600;111;0.000935006
3600;92;0.000944714
3600;85;0.000933132
3600;110;0.000934154
3600;108;0.000931238
3600;118;0.000959953
3600;116;0.000999356
3600;107;0.000946938
3600;120;0.000956206
3600;114;0.001026797
3600;139;0.000967306
3600;107;0.000949934
3600;105;0.000928573
3600;131;0.000920208
3600;104;0.000922773
3600;101;0.00093205
3600;127;0.00121946
3600;119;0.001023421
3600;138;0.001027309
3600;146;0.000983266
3600;141;0.000952639
3600;124;0.000930767
3600;147;0.000925978
3600;124;0.000927051
3600;129;0.000922512
3600;135;0.000944323
3600;124;0.000908406
3600;128;0.000920839
3600;101;0.000937219
3600;129;0.001125994
3600;129;0.001003364
3600;99;0.000931839
3600;132;0.000936589
3600;127;0.000964586
3600;160;0.000955369
3600;118;0.000978336
3600;127;0.000927471
3600;121;0.000922242
3600;137;0.000968508
3600;109;0.000935356
3600;162;0.000925879
3600;134;0.00092146
3600;134;0.000925267
3600;128;0.00099577
3600;119;0.001026938
3600;122;0.001061042
3600;131;0.001553603
3600;109;0.001198921
3600;91;0.001039797
3600;121;0.001113481
3600;126;0.001032538
3600;92;0.001019864
3600;119;0.001040373
3600;121;0.001256098
3600;110;0.001168714
3600;95;0.001239117
3600;95;0.001190986
3600;131;0.001034432
3600;112;0.001088519
3600;93;0.001023601
3600;128;0.001092456
3600;136;0.001101137
3600;135;0.001078885
3600;145;0.001107119
3600;138;0.001006239
3600;117;0.001078285
3600;128;0.001017631
3600;127;0.001130903
3600;109;0.001113451
3600;121;0.001005418
3600;120;0.001000117
3600;119;0.001051063
3600;127;0.001039191
3600;94;0.001070349
3600;143;0.001015065
3600;109;0.001113361
3600;113;0.001481025
3600;146;0.001315961
3600;111;0.00100084
3600;119;0.001030494
3600;106;0.000949642
3600;131;0.000946016
3600;120;0.000955214
3600;78;0.000943541
3600;119;0.000928413
3600;104;0.000940876
3600;114;0.000968799
3600;122;0.000987865
3600;99;0.000939123
3600;120;0.001143243
3600;82;0.001141804
3600;124;0.001082913
3600;108;0.000952168
3600;96;0.000941267
3600;117;0.000960954
3600;98;0.001135762
3600;103;0.001042537
3600;124;0.000965172
3600;134;0.000947419
3600;115;0.00093223
3600;101;0.000917392
3600;108;0.000931188
3600;102;0.00111315
3600;139;0.001175567
3600;120;0.00105972
3600;122;0.000934224
3600;86;0.001014515
3600;110;0.000940436
3600;75;0.001015075
3600;90;0.001068556
3600;72;0.000935767
3600;72;0.000936769
3600;110;0.000934124
3600;109;0.00099631
3600;91;0.000940816
3600;112;0.000937971
3600;117;0.000934525
3600;81;0.000979379
3600;77;0.000937871
3600;98;0.000988065
3600;80;0.000933573
3600;96;0.000933062
3600;105;0.001006329
3600;116;0.001040434
3600;102;0.000946617
3600;96;0.000931649
3600;87;0.000929004
3600;89;0.000932471
3600;118;0.000920077
3600;81;0.000946167
3600;72;0.000931108
3600;96;0.000933092
3600;100;0.000929545
3600;76;0.001057155
3600;122;0.00099048
3600;119;0.001014315
3600;110;0.000981433
3600;100;0.000949212
3600;129;0.000917253
3600;124;0.000937359
3600;119;0.001204645
3600;133;0.001088253
3600;130;0.0009377
3600;129;0.000966872
3600;110;0.000933603
3600;110;0.000912924
3600;108;0.00092686
3600;111;0.000925087
3600;114;0.000975111
3600;112;0.000930317
3600;109;0.000950645
3600;130;0.000931869
3600;90;0.000940566
3600;121;0.000935266
3600;107;0.00118774
3600;130;0.001134821
3600;114;0.001029853
3600;95;0.000942229
3600;112;0.000950966
3600;112;0.000946628
3600;114;0.000927381
3600;102;0.000931068
3600;110;0.000961205
3600;109;0.000953039
3600;132;0.000940706
3600;105;0.000924556
3600;117;0.000991923
3600;116;0.000958319
3600;92;0.00092673
3600;114;0.000916079
3600;104;0.000933723
3600;125;0.000943511
3600;104;0.00094802
3600;84;0.001212747
3600;97;0.001302536
3600;95;0.000931179
3600;118;0.000949352
3600;121;0.000988783
3600;89;0.000949422
3600;122;0.000941006
3600;87;0.000925548
3600;97;0.000940085
3600;110;0.000934966
3600;94;0.000938332
3600;90;0.000966935
3600;96;0.000935617
3600;120;0.001010467
3600;94;0.001006209
3600;118;0.000951436
3600;121;0.000964371
3600;93;0.000998445
3600;108;0.000940576
3600;100;0.000952037
3600;97;0.000940897
3600;85;0.00111095
3600;90;0.000947309
3600;145;0.001028922
3600;152;0.000928323
3600;147;0.000946928
3600;102;0.000929185
3600;119;0.00097476
3600;142;0.000929495
3600;108;0.00093181
3600;128;0.000990149
3600;119;0.001071131
3600;96;0.000927502
3600;112;0.000933543
3600;98;0.000927481
3600;142;0.000921089
3600;98;0.00093744
3600;139;0.000926279
3600;114;0.000909017
3600;145;0.001021127
3600;134;0.00092672
3600;129;0.00100725
3600;145;0.000928813
3600;98;0.000978727
3600;147;0.001015988
3600;147;0.000951015
3600;117;0.000929254
3600;104;0.00095305
3600;113;0.000927842
3600;118;0.000928573
3600;97;0.000930828
3600;152;0.000927912
3600;148;0.001028301
3600;145;0.001271177
3600;126;0.000964
3600;102;0.000929095
3600;140;0.001359998
3600;115;0.00113828
3600;146;0.001342851
3600;132;0.001520588
3600;116;0.001068096
3600;126;0.00096391
3600;118;0.000944383
3600;150;0.000920188
3600;133;0.000930417
3600;129;0.000996751
3600;112;0.000946858
3600;114;0.00093202
3600;121;0.000934605
3600;129;0.000960373
3600;109;0.00092668
3600;123;0.001046245
3600;118;0.001275154
3600;153;0.001255598
3600;151;0.001055973
3600;138;0.000970542
3600;95;0.000932601
3600;131;0.000968358
3600;151;0.000980801
3600;155;0.000932872
3600;124;0.000932901
3600;137;0.000941087
3600;132;0.000928223
4100;95;0.001204441
4100;98;0.001039932
4100;110;0.001032739
4100;92;0.001030786
4100;102;0.001055181
4100;91;0.001085659
4100;90;0.001034642
4100;102;0.001030275
4100;105;0.001087441
4100;98;0.001091389
4100;131;0.001098483
4100;135;0.001054119
4100;135;0.001036176
4100;136;0.001034903
4100;92;0.001128679
4100;90;0.001070089
4100;89;0.001036316
4100;78;0.00110297
4100;105;0.001059951
4100;97;0.00109743
4100;108;0.001024504
4100;105;0.001032629
4100;101;0.001121746
4100;77;0.001066392
4100;105;0.001026437
4100;112;0.001037889
4100;136;0.001057015
4100;94;0.001136774
4100;114;0.001038951
4100;121;0.001110986
4100;136;0.001111136
4100;117;0.001140752
4100;135;0.001228998
4100;135;0.001007852
4100;83;0.001132095
4100;101;0.00103835
4100;114;0.001037057
4100;83;0.001032468
4100;127;0.001045963
4100;88;0.001033961
4100;113;0.001035895
4100;107;0.001039111
4100;108;0.001061803
4100;79;0.001159236
4100;114;0.001114342
4100;106;0.001655849
4100;102;0.001210363
4100;83;0.001123249
4100;117;0.00104395
4100;79;0.001038309
4100;81;0.001068316
4100;139;0.001037408
4100;100;0.001032398
4100;87;0.001061373
4100;93;0.001029864
4100;97;0.001131254
4100;77;0.001309082
4100;83;0.001353491
4100;114;0.001535318
4100;100;0.00131034
4100;108;0.001120082
4100;116;0.001132005
4100;93;0.001042047
4100;105;0.001048608
4100;117;0.001026727
4100;89;0.001031486
4100;100;0.001037668
4100;112;0.0011083
4100;107;0.001043569
4100;90;0.001048729
4100;85;0.001114893
4100;86;0.001182701
4100;103;0.001034753
4100;145;0.001030304
4100;142;0.001041956
4100;145;0.001034733
4100;93;0.001139895
4100;96;0.001071933
4100;127;0.001061748
4100;152;0.001040764
4100;99;0.001112269
4100;140;0.00108124
4100;97;0.00109191
4100;104;0.001087432
4100;119;0.001066753
4100;114;0.001036045
4100;90;0.001032819
4100;127;0.001030445
4100;138;0.001037188
4100;92;0.001087261
4100;88;0.001114703
4100;100;0.001171769
4100;85;0.001061403
4100;80;0.001087031
4100;105;0.001183973
4100;97;0.001270816
4100;128;0.001119982
4100;107;0.001143638
4100;108;0.001077643
4100;87;0.001041986
4100;90;0.001039351
4100;101;0.001042838
4100;118;0.001079818
4100;87;0.001061132
4100;114;0.001042066
4100;102;0.002183744
4100;123;0.001530774
4100;103;0.001191968
4100;102;0.001070611
4100;82;0.001048699
4100;113;0.001253636
4100;128;0.001525374
4100;89;0.001179194
4100;117;0.001207016
4100;102;0.001268222
4100;100;0.001511766
4100;103;0.00129469
4100;100;0.001534557
4100;106;0.001314488
4100;120;0.001110125
4100;95;0.001123779
4100;102;0.001073455
4100;105;0.001053929
4100;101;0.001431027
4100;113;0.001447327
4100;100;0.001041927
4100;164;0.001112538
4100;167;0.001027639
4100;157;0.001036065
4100;102;0.001030505
4100;121;0.001114558
4100;102;0.001074037
4100;120;0.001079737
4100;100;0.001051104
4100;124;0.001055421
4100;161;0.001205384
4100;129;0.001051875
4100;126;0.001054439
4100;130;0.001062414
4100;116;0.001044772
4100;136;0.001060701
4100;127;0.001082432
4100;105;0.001094295
4100;134;0.001053177
4100;161;0.001040884
4100;115;0.00119043
4100;106;0.001157202
4100;117;0.001094234
4100;113;0.001162633
4100;112;0.001076581
4100;106;0.001345987
4100;157;0.001035454
4100;122;0.001052887
4100;105;0.001060221
4100;103;0.001039942
4100;109;0.001077162
4100;127;0.001084747
4100;112;0.0010655
4100;113;0.001040865
4100;163;0.001039491
4100;156;0.001041234
4100;100;0.001104553
4100;100;0.001119132
4100;102;0.001069217
4100;172;0.001107359
4100;105;0.001029422
4100;106;0.001153321
4100;170;0.001068581
4100;120;0.001030836
4100;153;0.001038169
4100;172;0.001096028
4100;113;0.001035514
4100;116;0.001032419
4100;158;0.001082603
4100;113;0.001128368
4100;102;0.001089636
4100;102;0.001030345
4100;114;0.001034252
4100;103;0.001034222
4100;107;0.001054099
4100;94;0.00109178
4100;86;0.001034863
4100;90;0.001058888
4100;137;0.001030164
4100;105;0.001031366
4100;127;0.001269634
4100;102;0.001285684
4100;128;0.001036907
4100;145;0.001233025
4100;110;0.001046505
4100;107;0.00103866
4100;82;0.001034503
4100;91;0.001035804
4100;105;0.001064508
4100;103;0.001043289
4100;137;0.001042457
4100;100;0.001056082
4100;138;0.001152924
4100;102;0.001098633
4100;87;0.001099725
4100;105;0.001028551
4100;108;0.00105959
4100;88;0.001030695
4100;114;0.001207291
4100;141;0.001047487
4100;106;0.00103863
4100;89;0.001033531
4100;131;0.00105448
4100;138;0.001046775
4100;109;0.00108106
4100;102;0.001088203
4100;80;0.001057214
4100;102;0.001037758
4100;93;0.001045162
4100;117;0.001114612
4100;93;0.001222536
4100;107;0.001276757
4100;101;0.001032829
4100;119;0.001031878
4100;103;0.00103339
4100;104;0.001066032
4100;107;0.001036816
4100;83;0.001086751
4100;111;0.001040163
4100;94;0.0010598
4100;136;0.001049981
4100;96;0.001073997
4100;107;0.001088744
4100;102;0.001074838
4100;114;0.001062134
4100;94;0.001037327
4100;94;0.001226006
4100;95;0.001061714
4100;113;0.001069528
4100;93;0.001035705
4100;119;0.001095547
4100;103;0.001094996
4100;102;0.001036345
4100;127;0.001036816
4100;104;0.001223467
4100;113;0.00116609
4100;113;0.001036486
4100;110;0.001069378
4100;90;0.001036746
4100;108;0.001034913
4100;109;0.001036536
4100;122;0.001040694
4100;133;0.001076541
4100;102;0.001104945
4100;80;0.001108501
4100;108;0.001197128
4100;102;0.001155419
4100;122;0.001089065
4100;98;0.001066643
4100;109;0.001039692
4100;100;0.001044682
4100;98;0.001037748
4100;122;0.001007662
4100;106;0.001090317
4100;90;0.001035144
4100;102;0.001045102
4100;108;0.00104939
4100;134;0.001184214
4100;103;0.001280514
4100;103;0.001125103
4100;107;0.001051634
4100;99;0.00104432
4100;107;0.001124602
4100;129;0.001040544
4100;90;0.001037037
4100;140;0.001115114
4100;97;0.001092391
4100;126;0.001067063
4100;148;0.001158676
4100;127;0.001052165
4100;135;0.001049501
4100;92;0.001083645
4100;95;0.001029623
4100;100;0.001032328
4100;99;0.00105445
4100;102;0.001046104
4100;119;0.001035655
4100;140;0.001076942
4100;110;0.001031396
4100;125;0.001241111
4100;105;0.001275645
4100;108;0.001042086
4100;117;0.001028491
4100;96;0.001053198
4100;120;0.001030394
4100;125;0.001048268
4100;108;0.001027399
4100;105;0.001044601
4100;128;0.001027109
4100;94;0.001495286
4100;138;0.001176809
4100;118;0.001169807
4100;128;0.001085581
4100;96;0.001524721
4100;144;0.001186608
4100;100;0.001191026
4100;115;0.001133629
4100;119;0.001031967
4100;114;0.001030705
4100;103;0.00102791
4100;107;0.001028331
4100;98;0.001032408
4100;142;0.001084887
4100;108;0.001041766
4100;101;0.001136153
4100;132;0.001155619
4100;102;0.001042226
4100;119;0.001118129
4100;125;0.001034432
4100;100;0.001032018
4100;101;0.001034051
4100;130;0.001046776
4100;93;0.001041475
4100;121;0.001031968
4100;130;0.001033751
4100;96;0.001056694
4100;111;0.001031296
4100;89;0.001354018
4100;88;0.001248223
4100;97;0.001053367
4100;126;0.001048779
4100;96;0.001106808
4100;143;0.001060641
4100;117;0.001044942
4100;105;0.001109293
4100;126;0.001087271
4100;129;0.001125733
4100;131;0.001108721
4100;124;0.001091019
4100;105;0.001051254
4100;98;0.001038079
4100;125;0.001029853
4100;133;0.001047868
4100;108;0.001070099
4100;105;0.001077553
4100;133;0.001037558
4100;118;0.001034392
4100;128;0.001053708
4100;131;0.001058267
4100;99;0.001267139
4100;136;0.001041024
4100;147;0.001033932
4100;104;0.001079827
4100;120;0.001040945
4100;96;0.001120464
4100;133;0.001060702
4100;98;0.001068425
4100;99;0.001042697
4100;129;0.001078595
4100;100;0.00103348
4100;99;0.001029934
4100;88;0.001109713
4100;131;0.00130536
4100;118;0.001033842
4100;112;0.001034362
4100;107;0.001623724
4100;118;0.001087993
4100;107;0.001042618
4100;128;0.001078715
4100;104;0.001043078
4100;109;0.001035725
4100;118;0.001062535
4100;112;0.001037949
4100;124;0.001035143
4100;130;0.001063406
4100;135;0.001027309
4100;104;0.001058027
4100;133;0.001077162
4100;110;0.001266739
4100;95;0.001051194
4100;110;0.001089706
4100;121;0.001037087
4100;94;0.001032058
4100;99;0.001099654
4100;109;0.001029663
4100;84;0.00102798
4100;112;0.001046825
4100;101;0.001047546
4100;107;0.001031848
4100;97;0.001114623
4100;102;0.001199963
4100;116;0.001050622
4100;124;0.001150891
4100;141;0.001099254
4100;100;0.001039211
4100;159;0.001128899
4100;103;0.001280158
4100;111;0.001051334
4100;132;0.001056113
4100;89;0.001057967
4100;95;0.001071948
4100;101;0.00103884
4100;163;0.001182099
4100;156;0.001217546
4100;112;0.001132175
4100;149;0.001111257
4100;120;0.001045342
4100;108;0.001055281
4100;128;0.001037398
4100;154;0.001048268
4100;137;0.001052446
4100;93;0.001489307
4100;116;0.001210493
4100;131;0.001585765
4100;115;0.001271036
4100;123;0.001153496
4100;102;0.001059289
4100;148;0.001059058
4100;158;0.001094359
4100;123;0.00104912
4100;107;0.001068747
4100;159;0.001045683
4100;111;0.001101213
4100;115;0.001052366
4100;106;0.001077618
4100;103;0.001247733
4100;88;0.001097952
4100;114;0.00103874
4100;103;0.001068496
4100;116;0.001147855
4100;96;0.001263132
4100;112;0.001299123
4100;96;0.001098612
4100;112;0.001052326
4100;97;0.001074959
4100;94;0.001036836
4100;86;0.001037999
4100;116;0.001041576
4100;116;0.001071352
4100;106;0.001048027
4100;114;0.001091008
4100;99;0.001142635
4100;94;0.001254245
4100;129;0.001192169
4100;121;0.001044291
4100;123;0.001258347
4100;88;0.00108147
4100;108;0.001051584
4100;102;0.001040132
4100;98;0.001042637
4100;102;0.001036306
4100;120;0.001031958
4100;106;0.001043008
4100;97;0.001263983
4100;102;0.001276908
4100;115;0.001126084
4100;103;0.001046715
4100;112;0.001039702
4100;129;0.001082252
4100;144;0.001115945
4100;90;0.001044421
4100;131;0.001041957
4100;108;0.001119161
4100;103;0.001221383
4100;105;0.0010648
4100;106;0.001042697
4100;90;0.001041826
4100;107;0.001075739
4100;107;0.001824735
4100;111;0.001137345
4100;139;0.001056424
4100;131;0.001062355
4100;140;0.001095156
4100;96;0.001056033
4100;104;0.001125593
4100;120;0.001215532
4100;110;0.001117638
4100;92;0.001033861
4100;106;0.00103331
4100;143;0.001050393
4100;96;0.001038259
4100;123;0.00111308
4100;130;0.001042006
4100;113;0.001047306
4100;131;0.001032909
4100;104;0.001092041
4100;141;0.001035534
4100;109;0.001110755
4100;97;0.001092901
4100;138;0.001037337
4100;105;0.001287948
4100;82;0.001376374
4100;108;0.001030865
4100;106;0.001040775
4100;113;0.001032989
4100;100;0.00102794
4100;107;0.001028772
4100;100;0.001028902
4100;103;0.001026116
4100;86;0.001030965
4100;100;0.001042598
4100;100;0.001180977
4100;106;0.001193701
4100;102;0.00128922
4100;123;0.001038761
4100;98;0.001029893
4100;87;0.001068611
4100;97;0.00103867
4100;106;0.001024403
4100;113;0.001049992
4100;111;0.001071151
4100;121;0.001036546
4100;104;0.001032839
4100;117;0.001033972
4100;132;0.001087892
4100;103;0.001143627
4100;107;0.001122483
4100;111;0.001067911
4100;125;0.001018472
4100;117;0.001121996
4100;110;0.001145882
4100;110;0.001136584
4100;106;0.001085798
4100;102;0.00103335
4100;113;0.001035965
4100;132;0.001050242
4100;123;0.001040564
4100;92;0.001051464
4100;109;0.001061092
4100;114;0.001083154
4100;122;0.001032499
4100;107;0.001060781
4100;119;0.001061223
4100;104;0.001230019
4100;98;0.001090798
4100;126;0.001049069
4100;100;0.001052436
4100;110;0.001075268
4100;124;0.001034452
4100;94;0.001032268
4100;90;0.001030294
4100;126;0.001052235
4100;101;0.001039171
4100;101;0.00108707
4100;98;0.001039571
4100;129;0.001307248
4100;121;0.001112599
4100;111;0.001072834
4100;97;0.001081761
4100;125;0.001057145
4100;131;0.001163535
4100;91;0.001116376
4100;135;0.001238816
4100;115;0.001206445
4100;135;0.001101198
4100;120;0.001146152
4100;114;0.001076661
4100;126;0.001144278
4100;120;0.001175738
4100;112;0.001172186
4100;91;0.001099384
4100;125;0.001095517
4100;122;0.001141503
4100;140;0.001093313
4100;118;0.001226252
4100;106;0.001127157
4100;149;0.001147514
4100;101;0.001144269
4100;125;0.001060441
4100;109;0.001096699
4100;110;0.001105095
4100;113;0.00111326
4100;111;0.001093834
4100;106;0.001097391
4100;108;0.001242883
4100;98;0.001087001
4100;109;0.001064008
4100;89;0.001085608
4100;113;0.001045744
4100;104;0.001033791
4100;154;0.001037328
4100;116;0.00111369
4100;117;0.001403636
4100;122;0.001132476
4100;155;0.001041185
4100;111;0.001077934
4100;129;0.00102792
4100;156;0.001035865
4100;106;0.001032849
4100;146;0.001046134
4100;116;0.001031967
4100;132;0.001077403
4100;146;0.001032659
4100;130;0.001031888
4100;132;0.001127096
4100;157;0.001075098
4100;165;0.001070199
4100;99;0.001044241
4100;164;0.001030434
4100;121;0.001051995
4100;114;0.001030474
4100;127;0.001029653
4100;146;0.001023281
4100;100;0.001039291
4100;142;0.001077773
4100;94;0.001098793
4100;115;0.001039622
4100;116;0.001032458
4100;97;0.00103297
4100;95;0.00109716
4100;109;0.001033681
4100;121;0.001031647
4100;101;0.00103329
4100;112;0.001121164
4100;124;0.001188561
4100;135;0.001045894
4100;106;0.001042648
4100;101;0.001032508
4100;94;0.001072845
4100;103;0.001056023
4100;102;0.001038259
4100;102;0.001034482
4100;111;0.001031467
4100;115;0.001042868
4100;99;0.001057917
4100;111;0.001030875
4100;105;0.001029022
4100;111;0.001253354
4100;116;0.001119422
4100;125;0.001068035
4100;96;0.001032509
4100;90;0.001023421
4100;117;0.001031798
4100;125;0.001029222
4100;105;0.001057506
4100;108;0.00112344
4100;106;0.001035434
4100;116;0.001028441
4100;99;0.001254385
4100;90;0.001180125
4100;109;0.001050102
4100;93;0.001100787
4100;93;0.001029833
4100;113;0.001027368
4100;106;0.001028982
4100;118;0.001031977
4100;109;0.001023993
4100;91;0.001148206
4100;72;0.001029853
4100;100;0.001021477
4100;113;0.00118763
4100;111;0.001137927
4100;96;0.001044111
4100;103;0.00104935
4100;121;0.001035704
4100;95;0.001030855
4100;95;0.001025916
4100;135;0.001025616
4100;94;0.001027389
4100;101;0.001039953
4100;99;0.001091199
4100;93;0.00109715
4100;105;0.001045032
4100;100;0.001179054
4100;100;0.001119191
4100;110;0.001103772
4100;109;0.00111278
4100;99;0.00103863
4100;103;0.00107569
4100;81;0.001098993
4100;105;0.001056985
4100;114;0.001056113
4100;85;0.001053408
4100;98;0.001053858
4100;94;0.001042087
4100;95;0.00103344
4100;94;0.001039182
4100;122;0.001029493
4100;96;0.001037528
4100;123;0.001044521
4100;102;0.001078134
4100;83;0.001046766
4100;113;0.001032328
4100;93;0.001030164
4100;115;0.001039803
4100;88;0.001096228
4100;125;0.001094675
4100;91;0.001036256
4100;106;0.001115765
4100;118;0.001030805
4100;97;0.001055361
4100;123;0.001034633
4100;97;0.001036015
4100;110;0.0010332
4100;107;0.001084145
4100;132;0.001125734
4100;117;0.001044912
4100;98;0.001045603
4100;122;0.001046986
4100;111;0.001100857
4100;118;0.00108658
4100;95;0.001043559
4100;116;0.001139169
4100;157;0.001077282
4100;127;0.00105485
4100;156;0.001039822
4100;130;0.001043168
4100;96;0.001037719
4100;97;0.001083895
4100;154;0.001039031
4100;106;0.001045673
4100;102;0.00104382
4100;116;0.001046535
4100;111;0.001035925
4100;107;0.001071602
4100;130;0.001090287
4100;132;0.001238595
4100;104;0.001085408
4100;124;0.00103293
4100;94;0.001038139
4100;112;0.001078324
4100;102;0.001036566
4100;149;0.001046084
4100;99;0.00104373
4100;121;0.001040874
4100;130;0.001120855
4100;98;0.001060912
4100;122;0.001037137
4100;120;0.001032408
4100;131;0.001030324
4100;102;0.001115624
4100;120;0.001409613
4100;108;0.001413193
4100;134;0.001056323
4100;89;0.001077733
4100;94;0.001041114
4100;113;0.001050122
4100;113;0.001041185
4100;128;0.001038119
4100;109;0.001040213
4100;124;0.001067314
4100;116;0.001043239
4100;80;0.001089075
4100;79;0.001165148
4100;123;0.001045493
4100;106;0.001064288
4100;98;0.001045403
4100;122;0.001062355
4100;99;0.001051364
4100;124;0.001044411
4100;124;0.001051153
4100;99;0.00107018
4100;119;0.001045252
4100;84;0.001094646
4100;103;0.001035594
4100;96;0.001085458
4100;88;0.001096328
4100;88;0.001042237
4100;90;0.001031206
4100;83;0.00102796
4100;99;0.001033341
4100;100;0.001035614
4100;92;0.001044591
4100;129;0.001039331
4100;100;0.001091048
4100;92;0.001041104
4100;122;0.00193284
4100;94;0.001190314
4100;98;0.001063857
4100;101;0.001047316
4100;95;0.001040994
4100;104;0.0010441
4100;107;0.001045593
4100;101;0.001056714
4100;100;0.001106047
4100;104;0.001067073
4100;96;0.001092271
4100;129;0.001029543
4100;85;0.001032869
4100;103;0.001051173
4100;102;0.001192159
4100;123;0.001036546
4100;90;0.001042507
4100;101;0.001075209
4100;119;0.00104925
4100;98;0.001178032
4100;96;0.00104899
4100;118;0.001094655
4100;119;0.001034022
4100;114;0.001119051
4100;113;0.001036536
4100;114;0.001039492
4100;86;0.001034733
4100;116;0.001045994
4100;106;0.001131274
4100;122;0.001038379
4100;130;0.001060001
4100;124;0.001088514
4100;121;0.001086339
4100;124;0.00104405
4100;93;0.001032919
4100;96;0.001041265
4100;141;0.001036236
4100;122;0.001057936
4100;130;0.001040183
4100;110;0.001037418
4100;122;0.001037408
4100;128;0.00107588
4100;117;0.001069368
4100;89;0.001435507
4100;113;0.001450712
4100;118;0.001123659
4100;107;0.001063907
4100;111;0.001040714
4100;127;0.001050372
4100;136;0.001161641
4100;83;0.001092807
4100;128;0.001090507
4100;119;0.001080047
4100;112;0.001081872
4100;98;0.001072343
4100;118;0.00104926
4100;119;0.001044101
4100;96;0.001048769
4100;91;0.001028451
4100;102;0.001030234
4100;81;0.001079086
4100;131;0.001061663
4100;101;0.001027018
4100;109;0.001026918
4100;97;0.00104364
4100;130;0.00106511
4100;81;0.001115584
4100;136;0.001031497
4100;127;0.001028722
4100;116;0.001052696
4100;116;0.001027059
4100;132;0.001044952
4100;109;0.001031026
4100;108;0.001034432
4100;89;0.001030655
4100;102;0.001029814
4100;131;0.001042176
4100;117;0.001030605
4100;135;0.001128639
4100;108;0.001086149
4100;97;0.001057125
4100;132;0.00103335
4100;114;0.001042688
4100;122;0.001032268
4100;142;0.001035414
4100;88;0.001034963
4100;120;0.001045913
4100;128;0.001034493
4100;116;0.001031847
4100;111;0.001046755
4100;131;0.001112759
4100;118;0.001087602
4100;96;0.001044862
4100;100;0.001039732
4100;104;0.001077303
4100;121;0.001037648
4100;155;0.00103337
4100;108;0.001037719
4100;118;0.001038339
4100;113;0.001047967
4100;138;0.001030525
4100;122;0.001080429
4100;114;0.001093633
4100;116;0.001039913
4100;110;0.001045863
4100;122;0.001083475
4100;113;0.00104929
4100;118;0.001048048
4100;134;0.001036155
4100;116;0.001255978
4100;144;0.001034272
4100;97;0.001030755
4100;93;0.001101438
4100;133;0.001077593
4100;98;0.001051384
4100;140;0.001092742
4100;127;0.00103875
4100;127;0.001163635
4100;104;0.001043199
4100;144;0.001049991
4100;91;0.001033591
4100;140;0.001039271
4100;144;0.0010596
4100;112;0.001030264
4100;124;0.001039281
4100;97;0.001043649
4100;117;0.00102782
4100;105;0.001072263
4100;113;0.00106514
4100;109;0.001027319
4100;125;0.001055552
4100;149;0.001119211
4100;111;0.001144129
4100;99;0.001038269
4100;117;0.001046064
4100;125;0.001048629
4100;103;0.001055261
4100;135;0.001031837
4100;99;0.001036807
4600;120;0.001831659
4600;149;0.001225541
4600;124;0.001175487
4600;118;0.001152123
4600;120;0.00117192
4600;157;0.001142585
4600;148;0.001201386
4600;130;0.001207036
4600;125;0.001137767
4600;161;0.001142014
4600;118;0.001146282
4600;132;0.001161221
4600;105;0.001126435
4600;123;0.00119039
4600;164;0.001199226
4600;115;0.001263613
4600;151;0.001141363
4600;170;0.001148927
4600;149;0.001141633
4600;127;0.00116105
4600;119;0.001185456
4600;139;0.001142706
4600;159;0.001147514
4600;159;0.001139199
4600;133;0.001169426
4600;126;0.001147284
4600;174;0.001152013
4600;149;0.001193872
4600;124;0.001135942
4600;122;0.001145991
4600;153;0.001345206
4600;171;0.00117703
4600;147;0.001132426
4600;118;0.001135532
4600;120;0.00115034
4600;139;0.001126104
4600;182;0.001158294
4600;193;0.001132807
4600;198;0.001159858
4600;189;0.001152364
4600;149;0.001197678
4600;154;0.001178422
4600;152;0.001215462
4600;183;0.00118243
4600;152;0.001141333
4600;152;0.001153907
4600;164;0.001140581
4600;191;0.001161009
4600;125;0.001132607
4600;186;0.001164446
4600;133;0.001133509
4600;189;0.001218027
4600;121;0.001160028
4600;179;0.00123563
4600;154;0.001190455
4600;191;0.001137826
4600;118;0.001194593
4600;158;0.001140081
4600;180;0.001175747
4600;199;0.001135882
4600;128;0.001199552
4600;116;0.00112967
4600;138;0.00116654
4600;151;0.001164035
4600;130;0.001137145
4600;154;0.00119868
4600;125;0.001177982
4600;146;0.001134961
4600;166;0.001170899
4600;121;0.001131244
4600;143;0.001141503
4600;104;0.001185336
4600;120;0.001182961
4600;147;0.001152564
4600;129;0.00120372
4600;143;0.001218197
4600;157;0.00115035
4600;146;0.001132016
4600;93;0.001134359
4600;142;0.001186427
4600;159;0.001149609
4600;142;0.001131484
4600;115;0.001149839
4600;131;0.001150029
4600;116;0.001141113
4600;139;0.00116101
4600;128;0.001192399
4600;124;0.001176629
4600;96;0.001136173
4600;120;0.001132006
4600;179;0.00119284
4600;199;0.001161962
4600;169;0.001123379
4600;175;0.001126605
4600;155;0.001196216
4600;168;0.001204121
4600;121;0.001121355
4600;146;0.001162172
4600;144;0.001218848
4600;149;0.001142285
4600;135;0.001148316
4600;200;0.001132096
4600;175;0.001162262
4600;124;0.00114001
4600;165;0.001141042
4600;179;0.001127176
4600;171;0.001135783
4600;151;0.001135732
4600;135;0.001165088
4600;178;0.001199793
4600;125;0.001176198
4600;146;0.001152514
4600;155;0.001127878
4600;127;0.001141202
4600;157;0.001125903
4600;159;0.00112951
4600;142;0.001242719
4600;157;0.001143246
4600;151;0.001133118
4600;145;0.001145881
4600;152;0.001200454
4600;124;0.001177425
4600;121;0.001195359
4600;171;0.001144869
4600;115;0.001130904
4600;120;0.001207437
4600;148;0.001169095
4600;174;0.001137275
4600;109;0.001189604
4600;129;0.001121215
4600;121;0.001123189
4600;131;0.001129902
4600;151;0.001131935
4600;108;0.001127467
4600;162;0.001140852
4600;123;0.001967404
4600;124;0.001307655
4600;177;0.00115604
4600;142;0.001150761
4600;163;0.001133097
4600;136;0.001173894
4600;119;0.001137936
4600;126;0.001154097
4600;113;0.001164787
4600;160;0.001130873
4600;111;0.001136503
4600;172;0.001158215
4600;120;0.001156702
4600;119;0.001260156
4600;127;0.001126615
4600;112;0.001212907
4600;167;0.001132216
4600;115;0.001125042
4600;165;0.001138407
4600;165;0.001202017
4600;138;0.001126495
4600;167;0.001126946
4600;136;0.001136804
4600;181;0.00120645
4600;177;0.001163404
4600;147;0.001161902
4600;183;0.001166094
4600;161;0.001143587
4600;107;0.001127708
4600;177;0.001130963
4600;178;0.001133949
4600;179;0.001151381
4600;159;0.001164056
4600;155;0.001122658
4600;187;0.001146773
4600;146;0.001128419
4600;157;0.001478926
4600;153;0.001150229
4600;121;0.001137365
4600;135;0.001122347
4600;131;0.023300863
4600;136;0.001411069
4600;129;0.001361877
4600;126;0.00136877
4600;163;0.001419345
4600;139;0.001583052
4600;146;0.001230661
4600;213;0.001164807
4600;183;0.001142786
4600;169;0.001155128
4600;203;0.001145921
4600;214;0.001218778
4600;139;0.001249801
4600;201;0.001177691
4600;153;0.001172296
4600;177;0.00113471
4600;209;0.001215462
4600;178;0.00137392
4600;144;0.001159738
4600;208;0.001177951
4600;142;0.001149238
4600;198;0.001145932
4600;219;0.001155319
4600;167;0.00114004
4600;185;0.001164015
4600;143;0.001350025
4600;174;0.001184504
4600;177;0.001227475
4600;129;0.001398906
4600;209;0.001179304
4600;225;0.00116667
4600;176;0.001144419
4600;145;0.001168093
4600;174;0.00113435
4600;178;0.001140421
4600;159;0.00119844
4600;167;0.00126268
4600;157;0.001211524
4600;154;0.001145321
4600;167;0.001141743
4600;123;0.001132967
4600;131;0.00114533
4600;184;0.001145671
4600;130;0.001127798
4600;122;0.001160188
4600;135;0.001198781
4600;126;0.001152815
4600;169;0.001150209
4600;140;0.001143357
4600;155;0.001166821
4600;154;0.001201065
4600;164;0.001149248
4600;158;0.001155389
4600;147;0.001189413
4600;178;0.001159256
4600;144;0.00117184
4600;160;0.001197148
4600;124;0.001147825
4600;162;0.001146032
4600;134;0.001147795
4600;143;0.001135963
4600;156;0.001159998
4600;150;0.001146382
4600;183;0.001172912
4600;151;0.001159497
4600;141;0.001233015
4600;144;0.001446596
4600;120;0.001368549
4600;161;0.001135852
4600;165;0.001132977
4600;142;0.001189793
4600;141;0.001147385
4600;170;0.001127657
4600;114;0.001126685
4600;191;0.001149077
4600;165;0.001201756
4600;191;0.001129891
4600;117;0.001179314
4600;156;0.001150971
4600;139;0.001132376
4600;157;0.001140932
4600;109;0.00112928
4600;172;0.001103472
4600;136;0.001151572
4600;162;0.00120386
4600;139;0.001130572
4600;154;0.001250638
4600;130;0.00114003
4600;128;0.001188992
4600;132;0.001169436
4600;143;0.001185125
4600;118;0.001132066
4600;133;0.001197849
4600;164;0.001129841
4600;176;0.001132787
4600;220;0.001192329
4600;162;0.001161501
4600;163;0.0011346
4600;137;0.001134029
4600;185;0.001495933
4600;173;0.001181989
4600;169;0.001632436
4600;185;0.001241381
4600;192;0.001142745
4600;168;0.001135432
4600;194;0.001132707
4600;171;0.00113979
4600;164;0.001138978
4600;173;0.001172461
4600;180;0.001127727
4600;206;0.001174415
4600;189;0.001238074
4600;176;0.001145691
4600;181;0.001146082
4600;168;0.001140702
4600;157;0.001179905
4600;157;0.001144629
4600;202;0.001152834
4600;127;0.001173794
4600;163;0.001143818
4600;197;0.001128839
4600;199;0.001142495
4600;195;0.001178212
4600;126;0.001135301
4600;159;0.001133768
4600;210;0.001230039
4600;182;0.001143798
4600;123;0.001137816
4600;160;0.001178593
4600;148;0.001142305
4600;161;0.001140672
4600;151;0.001126625
4600;140;0.001137967
4600;173;0.001180035
4600;150;0.001129361
4600;179;0.001133448
4600;186;0.00113427
4600;127;0.001136794
4600;215;0.001181929
4600;206;0.001211043
4600;183;0.001531255
4600;196;0.011568932
4600;175;0.00151251
4600;149;0.001761598
4600;195;0.001406932
4600;149;0.001385822
4600;160;0.001434974
4600;183;0.001398827
4600;133;0.001425336
4600;211;0.001395029
4600;209;0.001349093
4600;204;0.001828904
4600;198;0.001388998
4600;117;0.001484362
4600;148;0.00140357
4600;184;0.001202838
4600;115;0.001177541
4600;138;0.001179905
4600;133;0.001141853
4600;156;0.001128338
4600;143;0.001148897
4600;160;0.001129852
4600;129;0.001195174
4600;178;0.001172661
4600;155;0.001230069
4600;147;0.001158285
4600;158;0.00114542
4600;125;0.001144138
4600;152;0.001158114
4600;151;0.001158375
4600;164;0.0011395
4600;165;0.001147244
4600;113;0.001153105
4600;128;0.001137856
4600;149;0.001149228
4600;116;0.001192649
4600;138;0.001165217
4600;181;0.001148156
4600;139;0.001134851
4600;179;0.001166871
4600;141;0.001182255
4600;131;0.00117966
4600;137;0.001183622
4600;167;0.001145952
4600;152;0.001126425
4600;195;0.00144866
4600;178;0.00113971
4600;180;0.001143066
4600;190;0.001190065
4600;144;0.001136183
4600;146;0.001148476
4600;151;0.001145361
4600;186;0.001183151
4600;155;0.001154238
4600;112;0.001115865
4600;145;0.001164115
4600;179;0.001225751
4600;152;0.001152364
4600;156;0.001202918
4600;136;0.00115068
4600;158;0.001132216
4600;153;0.001157052
4600;117;0.001131555
4600;143;0.001136614
4600;130;0.001131725
4600;183;0.001156521
4600;155;0.001153806
4600;170;0.001207367
4600;137;0.001137365
4600;127;0.00115024
4600;168;0.001146142
4600;160;0.001234057
4600;152;0.001158014
4600;164;0.001131455
4600;150;0.001149709
4600;188;0.001226262
4600;198;0.001138868
4600;112;0.001129892
4600;167;0.001148035
4600;118;0.001152524
4600;139;0.001137426
4600;116;0.001132065
4600;123;0.001175927
4600;157;0.001244306
4600;135;0.001203319
4600;159;0.001153426
4600;193;0.001146933
4600;142;0.001135843
4600;150;0.001141102
4600;162;0.001145781
4600;197;0.001156221
4600;171;0.001164947
4600;160;0.001137576
4600;175;0.001178342
4600;137;0.001190645
4600;194;0.001138898
4600;174;0.00113995
4600;168;0.001219079
4600;184;0.001215046
4600;156;0.001210959
4600;188;0.001218017
4600;158;0.001181238
4600;151;0.001158455
4600;153;0.001135552
4600;121;0.00115618
4600;163;0.001199021
4600;125;0.00115045
4600;137;0.001131214
4600;122;0.001252992
4600;127;0.001259584
4600;165;0.001128649
4600;132;0.001137836
4600;152;0.001137887
4600;139;0.001131875
4600;166;0.001146633
4600;166;0.001187483
4600;131;0.001149217
4600;133;0.001178844
4600;176;0.001146412
4600;117;0.001170448
4600;129;0.00119321
4600;147;0.001124922
4600;138;0.001170588
4600;150;0.001133649
4600;150;0.001140361
4600;145;0.001127597
4600;164;0.001154999
4600;140;0.00113461
4600;134;0.001124321
4600;127;0.001175177
4600;145;0.001160218
4600;139;0.001167713
4600;140;0.001124551
4600;171;0.00113433
4600;146;0.001194172
4600;164;0.001194874
4600;165;0.001149679
4600;168;0.001771915
4600;129;0.001360931
4600;125;0.001168805
4600;141;0.001155079
4600;159;0.0011611
4600;121;0.001187039
4600;119;0.001202698
4600;123;0.001146282
4600;172;0.001168133
4600;147;0.00121928
4600;131;0.001159146
4600;136;0.001137977
4600;154;0.001148025
4600;150;0.001192039
4600;169;0.001167632
4600;165;0.001150861
4600;138;0.001220181
4600;142;0.001179224
4600;125;0.001138517
4600;160;0.001132486
4600;163;0.001136774
4600;99;0.001142926
4600;155;0.001194313
4600;129;0.00113452
4600;124;0.001142154
4600;124;0.001177441
4600;175;0.001158054
4600;158;0.001213007
4600;140;0.00132084
4600;110;0.001219039
4600;153;0.001144599
4600;150;0.001210443
4600;150;0.00129437
4600;152;0.001179514
4600;144;0.001144739
4600;148;0.001146232
4600;184;0.001152724
4600;109;0.001143547
4600;173;0.001144388
4600;163;0.001292287
4600;174;0.001175687
4600;161;0.001131815
4600;150;0.001134811
4600;162;0.00113441
4600;142;0.001145882
4600;118;0.001303582
4600;160;0.001805615
4600;151;0.001250027
4600;129;0.001172602
4600;165;0.001144569
4600;139;0.001179795
4600;150;0.001181118
4600;114;0.001173513
4600;165;0.001131475
4600;163;0.001127857
4600;119;0.00112957
4600;139;0.001213778
4600;175;0.001180817
4600;139;0.001276787
4600;133;0.001178773
4600;195;0.001162172
4600;135;0.001116566
4600;171;0.001185356
4600;172;0.001153656
4600;140;0.001153055
4600;139;0.00114534
4600;160;0.001155459
4600;193;0.001138798
4600;115;0.00118738
4600;113;0.001197268
4600;148;0.001149207
4600;132;0.001137286
4600;143;0.001137776
4600;138;0.001148837
4600;114;0.001159467
4600;171;0.001190405
4600;157;0.001136825
4600;192;0.001905268
4600;152;0.001296133
4600;185;0.001172982
4600;124;0.001269243
4600;175;0.001207367
4600;158;0.001226563
4600;156;0.001142154
4600;170;0.001169045
4600;141;0.001135452
4600;185;0.001148106
4600;179;0.001180837
4600;202;0.001189162
4600;164;0.00113988
4600;209;0.001152424
4600;161;0.001133488
4600;182;0.001138598
4600;186;0.001184404
4600;194;0.001239146
4600;151;0.001181588
4600;161;0.001141453
4600;178;0.001138157
4600;171;0.00114475
4600;197;0.001163755
4600;179;0.001142294
4600;205;0.001140371
4600;197;0.001156191
4600;188;0.00115042
4600;157;0.001149257
4600;164;0.001135832
4600;202;0.001170488
4600;176;0.001132867
4600;151;0.001178943
4600;189;0.001138738
4600;123;0.001164216
4600;191;0.00114025
4600;159;0.001152373
4600;137;0.001381661
4600;146;0.001349183
4600;161;0.001551486
4600;199;0.001239528
4600;214;0.001186347
4600;127;0.001197378
4600;165;0.001148717
4600;122;0.001124531
4600;130;0.001222666
4600;160;0.001146021
4600;133;0.001180666
4600;121;0.001189974
4600;133;0.00113987
4600;150;0.001135552
4600;137;0.001137485
4600;154;0.001205995
4600;160;0.001274372
4600;132;0.001152163
4600;162;0.001161721
4600;149;0.001168083
4600;151;0.001131815
4600;128;0.001129251
4600;150;0.001149318
4600;133;0.001162843
4600;151;0.001130252
4600;160;0.001135963
4600;122;0.001164647
4600;126;0.001153476
4600;150;0.001155489
4600;150;0.001174926
4600;127;0.001137786
4600;145;0.001141813
4600;114;0.001125133
4600;133;0.00113429
4600;137;0.0011291
4600;109;0.00116673
4600;150;0.001218338
4600;99;0.001130212
4600;125;0.001132676
4600;136;0.001126615
4600;133;0.001126806
4600;127;0.001175897
4600;135;0.00123087
4600;139;0.001127497
4600;123;0.001146993
4600;118;0.001152674
4600;172;0.001168323
4600;137;0.001125243
4600;134;0.001125213
4600;139;0.001137455
4600;127;0.001123179
4600;157;0.001138899
4600;97;0.001166319
4600;106;0.001155038
4600;131;0.001162413
4600;109;0.001177721
4600;153;0.001168494
4600;120;0.001126766
4600;111;0.001147214
4600;163;0.001139058
4600;122;0.001133458
4600;103;0.00115612
4600;175;0.001194182
4600;106;0.001133047
4600;171;0.001206054
4600;111;0.001217546
4600;177;0.001154999
4600;152;0.001163143
4600;153;0.001317473
4600;137;0.001133939
4600;125;0.001141614
4600;153;0.001135832
4600;139;0.001138457
4600;152;0.001130643
4600;177;0.001144749
4600;169;0.001140852
4600;127;0.001133327
4600;113;0.001145551
4600;130;0.00121969
4600;174;0.001213709
4600;149;0.001155941
4600;105;0.001140902
4600;137;0.001144819
4600;160;0.001127547
4600;159;0.001126576
4600;150;0.001128689
4600;139;0.001170317
4600;114;0.001125123
4600;128;0.001141363
4600;162;0.00119302
4600;182;0.001137967
4600;157;0.001259655
4600;142;0.001136825
4600;179;0.00116145
4600;136;0.001186258
4600;164;0.00145403
4600;144;0.001163404
4600;151;0.001148566
4600;110;0.001135743
4600;182;0.001170838
4600;143;0.001138668
4600;143;0.001177521
4600;129;0.001146643
4600;107;0.001188321
4600;198;0.001137927
4600;153;0.001241861
4600;138;0.001347741
4600;181;0.001171129
4600;161;0.001145481
4600;143;0.001132275
4600;147;0.001147714
4600;160;0.001148816
4600;113;0.001149899
4600;162;0.001133478
4600;162;0.001130573
4600;159;0.001176208
4600;138;0.001152774
4600;160;0.001215361
4600;120;0.001171729
4600;112;0.001176579
4600;170;0.001183953
4600;153;0.001127917
4600;158;0.001144568
4600;146;0.001150349
4600;154;0.001144568
4600;184;0.001200885
4600;200;0.001152023
4600;164;0.001145651
4600;199;0.001130102
4600;172;0.00112946
4600;124;0.001181268
4600;167;0.001174796
4600;172;0.001131314
4600;163;0.001218608
4600;141;0.00117668
4600;174;0.001161711
4600;182;0.001137726
4600;165;0.001200043
4600;131;0.001144579
4600;176;0.001164948
4600;166;0.0011347
4600;188;0.001141153
4600;179;0.001141954
4600;161;0.001194092
4600;182;0.001174716
4600;139;0.001191136
4600;164;0.001133378
4600;188;0.001131955
4600;161;0.001164947
4600;171;0.001136444
4600;127;0.00117199
4600;167;0.00119537
4600;182;0.00121163
4600;179;0.001132276
4600;170;0.001138668
4600;187;0.001248705
4600;132;0.001138758
4600;126;0.00113966
4600;177;0.001157373
4600;142;0.001200073
4600;136;0.001204862
4600;175;0.001132617
4600;121;0.001136934
4600;131;0.001163664
4600;179;0.00113935
4600;186;0.001219399
4600;179;0.001161701
4600;126;0.001181528
4600;183;0.001140461
4600;159;0.001140321
4600;155;0.001131705
4600;144;0.001242453
4600;126;0.0011397
4600;136;0.001180717
4600;118;0.00113975
4600;161;0.001141403
4600;167;0.001196537
4600;132;0.001178502
4600;147;0.001155188
4600;171;0.001133708
4600;119;0.001135312
4600;145;0.001135672
4600;188;0.001159076
4600;133;0.001123559
4600;182;0.001147675
4600;168;0.001391583
4600;168;0.001137886
4600;132;0.001192118
4600;123;0.001184735
4600;106;0.001185987
4600;119;0.00114521
4600;111;0.001154087
4600;159;0.001131284
4600;138;0.001128889
4600;128;0.001175336
4600;147;0.001196807
4600;188;0.001145991
4600;118;0.001149489
4600;140;0.001127416
4600;113;0.001179415
4600;153;0.001135672
4600;143;0.001124592
4600;130;0.001176368
4600;147;0.001147203
4600;114;0.001133468
4600;151;0.001147103
4600;134;0.001368289
4600;130;0.001364061
4600;135;0.001137676
4600;121;0.001124602
4600;134;0.001135382
4600;109;0.001140892
4600;162;0.001144499
4600;134;0.001131905
4600;144;0.001179935
4600;133;0.001198891
4600;144;0.001168904
4600;167;0.001128359
4600;145;0.001128599
4600;131;0.001133608
4600;160;0.001189292
4600;153;0.001154888
4600;132;0.001189643
4600;160;0.001143707
4600;171;0.001131855
4600;148;0.001179063
4600;123;0.001136334
4600;160;0.001135001
4600;121;0.001143928
4600;128;0.001151612
4600;172;0.001146493
4600;123;0.00112406
4600;124;0.001190075
4600;159;0.001204451
4600;107;0.001155179
4600;106;0.001128529
4600;121;0.001139019
4600;132;0.001150049
4600;108;0.001201476
4600;157;0.001136975
4600;140;0.00112922
4600;171;0.001135642
4600;121;0.001143366
4600;165;0.00115019
4600;118;0.001196696
4600;167;0.001189213
4600;210;0.001145891
4600;210;0.001165989
4600;191;0.001306373
4600;182;0.001140721
4600;211;0.001135301
4600;155;0.001130312
4600;147;0.001202427
4600;220;0.00117692
4600;200;0.001138578
4600;196;0.001143988
4600;146;0.001131043
4600;204;0.001130202
4600;157;0.00113456
4600;139;0.001181137
4600;187;0.00119829
4600;166;0.001352437
4600;156;0.001647947
4600;134;0.001196757
4600;202;0.001148166
4600;202;0.00118262
4600;182;0.001135822
4600;164;0.001127267
4600;173;0.001153035
4600;166;0.001165748
4600;209;0.001162582
4600;193;0.001137696
4600;202;0.001133878
4600;196;0.001131855
4600;152;0.001127867
4600;151;0.001409116
4600;162;0.001144569
4600;165;0.001240194
4600;161;0.001245263
4600;159;0.001224098
4600;135;0.00113444
4600;144;0.001143627
4600;119;0.00113929
4600;133;0.001135411
4600;119;0.001134941
4600;158;0.001176449
4600;190;0.001204873
4600;162;0.001143577
4600;167;0.00114532
4600;156;0.001147415
4600;162;0.001176639
4600;153;0.001195225
4600;155;0.00121463
4600;146;0.001138337
4600;148;0.001136774
4600;124;0.001164606
4600;190;0.001183562
4600;151;0.001191777
4600;159;0.00115024
4600;153;0.001145541
4600;153;0.00114548
4600;126;0.001131744
4600;141;0.001133718
4600;154;0.00113976
4600;168;0.001176509
4600;170;0.001193951
4600;138;0.001138517
4600;183;0.001162734
4600;165;0.001152093
4600;142;0.001131324
4600;191;0.001144769
4600;155;0.001167543
4600;131;0.001311201
4600;171;0.001196111
4600;144;0.001157583
4600;167;0.001172637
4600;132;0.001167692
4600;128;0.001195395
4600;172;0.001146653
4600;154;0.001139229
4600;180;0.001153014
4600;154;0.001170607
4600;158;0.001161321
4600;137;0.001162242
4600;113;0.001149819
4600;167;0.001156912
4600;112;0.001131845
4600;169;0.001155208
4600;166;0.001136704
4600;151;0.001167191
4600;154;0.001177461
4600;158;0.001134791
4600;185;0.001138087
4600;159;0.001139569
4600;160;0.001168725
5100;125;0.001382115
5100;137;0.001247071
5100;113;0.001246931
5100;152;0.001250688
5100;143;0.001242352
5100;110;0.001264304
5100;155;0.001258293
5100;171;0.001270996
5100;158;0.001374912
5100;142;0.001335307
5100;170;0.001254936
5100;138;0.001234788
5100;132;0.001243585
5100;136;0.001269634
5100;137;0.00124619
5100;143;0.001239317
5100;140;0.001256509
5100;150;0.001259073
5100;112;0.001349884
5100;152;0.001289832
5100;98;0.001249606
5100;146;0.001346017
5100;137;0.001249366
5100;137;0.001249416
5100;160;0.001304099
5100;146;0.001264744
5100;133;0.001242313
5100;126;0.001238345
5100;144;0.001237944
5100;163;0.001584776
5100;113;0.001340366
5100;118;0.001264064
5100;167;0.001242563
5100;135;0.001202628
5100;138;0.001263132
5100;138;0.001411765
5100;154;0.00128941
5100;138;0.001444703
5100;135;0.001631473
5100;128;0.001265406
5100;120;0.001257832
5100;136;0.001275986
5100;140;0.00123602
5100;119;0.001244206
5100;139;0.001256188
5100;125;0.001273581
5100;134;0.00128899
5100;150;0.001463317
5100;170;0.001390731
5100;113;0.001274704
5100;124;0.001247181
5100;166;0.001240009
5100;163;0.001306413
5100;140;0.001233375
5100;129;0.001249486
5100;140;0.001241431
5100;131;0.001235109
5100;159;0.001296374
5100;142;0.001529312
5100;127;0.00161911
5100;134;0.00131599
5100;129;0.001234739
5100;140;0.001239898
5100;121;0.001234848
5100;125;0.001292146
5100;137;0.001232724
5100;158;0.001249246
5100;136;0.001332401
5100;126;0.001344945
5100;148;0.001264053
5100;156;0.001250327
5100;149;0.001264214
5100;121;0.001248454
5100;112;0.001233235
5100;133;0.001241091
5100;99;0.001284912
5100;145;0.001292096
5100;118;0.001232695
5100;134;0.001313897
5100;142;0.001275154
5100;144;0.001240058
5100;129;0.001252783
5100;99;0.001257761
5100;133;0.00131015
5100;107;0.001235079
5100;138;0.001242693
5100;123;0.001248815
5100;131;0.001250819
5100;135;0.00126773
5100;138;0.001267119
5100;167;0.001352098
5100;164;0.001303267
5100;136;0.001248635
5100;157;0.001250949
5100;159;0.00123586
5100;130;0.001412833
5100;147;0.001509744
5100;120;0.001314529
5100;122;0.001282407
5100;127;0.0012891
5100;124;0.00131539
5100;167;0.001269623
5100;154;0.001252842
5100;130;0.001245218
5100;158;0.001237784
5100;118;0.001385932
5100;166;0.001499215
5100;125;0.001251991
5100;182;0.001250508
5100;153;0.001394648
5100;149;0.001519503
5100;132;0.001291776
5100;159;0.001242643
5100;158;0.001286796
5100;119;0.001265977
5100;138;0.00136873
5100;158;0.001436688
5100;126;0.001270465
5100;134;0.001252191
5100;146;0.001244016
5100;144;0.001471353
5100;125;0.001260787
5100;128;0.001236431
5100;122;0.001269854
5100;147;0.00125185
5100;158;0.001292377
5100;177;0.001233376
5100;153;0.001265987
5100;151;0.001232033
5100;173;0.001279953
5100;146;0.001394062
5100;159;0.001273671
5100;150;0.001255127
5100;137;0.001238305
5100;151;0.001239998
5100;157;0.001279562
5100;144;0.001295482
5100;172;0.001240018
5100;148;0.001243355
5100;165;0.001268161
5100;120;0.001314137
5100;105;0.001241371
5100;147;0.001243214
5100;162;0.001366321
5100;151;0.001246229
5100;155;0.001255948
5100;124;0.001238244
5100;156;0.001261258
5100;158;0.001307214
5100;154;0.001247041
5100;151;0.001353381
5100;123;0.001247492
5100;155;0.00127801
5100;149;0.001262671
5100;133;0.001243885
5100;121;0.001250538
5100;127;0.001262841
5100;147;0.001328915
5100;129;0.00131519
5100;132;0.00125195
5100;110;0.001317653
5100;144;0.001277027
5100;108;0.001244757
5100;129;0.001252261
5100;92;0.001243955
5100;95;0.001235751
5100;142;0.001259214
5100;139;0.001250788
5100;112;0.001287728
5100;153;0.001250117
5100;137;0.001255077
5100;135;0.001305742
5100;139;0.001276286
5100;105;0.001228867
5100;138;0.001228817
5100;126;0.001272499
5100;118;0.001233947
5100;161;0.001237423
5100;158;0.001261639
5100;150;0.001327683
5100;124;0.001334516
5100;126;0.001229238
5100;102;0.001268371
5100;132;0.002228705
5100;145;0.00133684
5100;142;0.001254936
5100;126;0.001243094
5100;132;0.001268482
5100;126;0.001236582
5100;121;0.001294931
5100;100;0.001275956
5100;136;0.001237373
5100;105;0.001258824
5100;154;0.00126261
5100;123;0.001232244
5100;138;0.001377556
5100;137;0.00126271
5100;150;0.001259846
5100;127;0.001252191
5100;125;0.001249736
5100;137;0.00124118
5100;143;0.00123544
5100;114;0.001287858
5100;127;0.001259825
5100;136;0.001240199
5100;128;0.001284351
5100;130;0.001264234
5100;143;0.001352555
5100;124;0.001284301
5100;167;0.001269013
5100;108;0.001442558
5100;147;0.001314077
5100;149;0.001339194
5100;138;0.001293488
5100;142;0.001252011
5100;142;0.001247833
5100;146;0.001246029
5100;151;0.00123075
5100;134;0.001269925
5100;119;0.001239136
5100;125;0.001241171
5100;124;0.001238174
5100;130;0.001304649
5100;142;0.001511338
5100;148;0.001389599
5100;140;0.001393476
5100;148;0.001309499
5100;104;0.001257361
5100;137;0.001258012
5100;140;0.001263632
5100;148;0.001231061
5100;177;0.001258823
5100;124;0.001242532
5100;140;0.001451986
5100;143;0.001570458
5100;170;0.00127263
5100;119;0.001245418
5100;136;0.001457948
5100;142;0.001267049
5100;129;0.001245278
5100;138;0.00178451
5100;146;0.001247643
5100;147;0.001245228
5100;136;0.001249907
5100;124;0.001265946
5100;133;0.001198169
5100;162;0.001350235
5100;145;0.00123566
5100;147;0.001231231
5100;143;0.001358982
5100;134;0.001329055
5100;109;0.001274253
5100;143;0.00124085
5100;127;0.001241741
5100;134;0.001321181
5100;152;0.001237143
5100;136;0.001227224
5100;163;0.001245959
5100;155;0.001253002
5100;125;0.001238966
5100;152;0.001319236
5100;97;0.001264003
5100;120;0.001265716
5100;173;0.001296995
5100;171;0.001269243
5100;143;0.001251179
5100;175;0.001237463
5100;98;0.001232635
5100;120;0.001244286
5100;141;0.001258062
5100;110;0.001420568
5100;118;0.001277448
5100;108;0.001327823
5100;120;0.002048262
5100;115;0.001978729
5100;97;0.001329787
5100;132;0.00126195
5100;105;0.001387735
5100;127;0.001250658
5100;133;0.001266789
5100;133;0.001285303
5100;134;0.001758277
5100;124;0.001678331
5100;106;0.001262831
5100;117;0.001277739
5100;117;0.001259424
5100;117;0.00127789
5100;134;0.001298918
5100;116;0.001344013
5100;110;0.001280093
5100;86;0.001423132
5100;128;0.001668382
5100;136;0.001296294
5100;132;0.001257461
5100;118;0.001345286
5100;158;0.001264474
5100;104;0.001257982
5100;114;0.001257561
5100;97;0.001291305
5100;118;0.001282388
5100;159;0.002053127
5100;125;0.001634268
5100;129;0.001265606
5100;134;0.001242383
5100;126;0.001288029
5100;123;0.001260266
5100;110;0.001254625
5100;137;0.001331661
5100;134;0.001360735
5100;145;0.001270415
5100;143;0.001287377
5100;126;0.001378739
5100;150;0.001526476
5100;151;0.001258914
5100;137;0.001240078
5100;146;0.001334085
5100;134;0.001258182
5100;120;0.003656018
5100;112;0.001678672
5100;151;0.00151813
5100;137;0.001471253
5100;98;0.001863421
5100;106;0.001871928
5100;112;0.001475461
5100;117;0.001479908
5100;139;0.001392394
5100;130;0.001714108
5100;155;0.00188768
5100;136;0.001788488
5100;157;0.001879819
5100;135;0.001358049
5100;138;0.001467505
5100;159;0.001408855
5100;126;0.001245649
5100;139;0.001256519
5100;126;0.001269754
5100;125;0.001284762
5100;135;0.001298538
5100;137;0.002231079
5100;161;0.001327973
5100;129;0.001357779
5100;142;0.001361375
5100;154;0.001367868
5100;137;0.001324537
5100;157;0.001248905
5100;158;0.001253263
5100;152;0.001237563
5100;125;0.001249816
5100;136;0.001287307
5100;150;0.001670617
5100;120;0.001565489
5100;130;0.00182115
5100;161;0.001627746
5100;122;0.001251821
5100;134;0.00123042
5100;148;0.001236131
5100;128;0.00123012
5100;139;0.001242993
5100;137;0.001263271
5100;129;0.001381564
5100;139;0.002322675
5100;170;0.002221963
5100;123;0.001772047
5100;137;0.001525404
5100;134;0.001902227
5100;134;0.001703338
5100;132;0.001632004
5100;167;0.001768661
5100;103;0.001674875
5100;145;0.001586709
5100;161;0.001569597
5100;137;0.00150186
5100;131;0.001380121
5100;155;0.001387275
5100;138;0.002200144
5100;122;0.001650028
5100;126;0.001773315
5100;148;0.001585267
5100;123;0.001766036
5100;133;0.00177349
5100;139;0.001574095
5100;133;0.00147006
5100;138;0.00155031
5100;139;0.00191741
5100;155;0.002665023
5100;126;0.001922453
5100;98;0.001637995
5100;148;0.001601868
5100;115;0.001739602
5100;167;0.001619861
5100;110;0.00161377
5100;178;0.001260647
5100;148;0.001257601
5100;161;0.001248644
5100;126;0.001348231
5100;159;0.001253743
5100;165;0.001306232
5100;106;0.002350564
5100;125;0.001678481
5100;136;0.001296514
5100;156;0.001292045
5100;132;0.001250668
5100;138;0.001256198
5100;101;0.001253304
5100;152;0.001242202
5100;141;0.001286455
5100;154;0.001388277
5100;142;0.001553968
5100;140;0.001313226
5100;132;0.001479558
5100;130;0.001252551
5100;147;0.001243455
5100;168;0.001268452
5100;137;0.001245659
5100;139;0.001252802
5100;135;0.001241761
5100;152;0.001441195
5100;155;0.001482113
5100;156;0.001284973
5100;157;0.001239617
5100;157;0.00135836
5100;127;0.001284302
5100;129;0.001243014
5100;121;0.001296875
5100;176;0.001350465
5100;139;0.001244627
5100;131;0.001242593
5100;139;0.001292878
5100;142;0.001266027
5100;151;0.001238946
5100;135;0.001240028
5100;126;0.001254485
5100;134;0.001228306
5100;150;0.001321571
5100;152;0.001495137
5100;123;0.001764242
5100;159;0.001495558
5100;128;0.001279913
5100;165;0.001227154
5100;148;0.001234709
5100;147;0.001254245
5100;158;0.001238735
5100;141;0.001234588
5100;129;0.001254615
5100;146;0.001357249
5100;148;0.001269624
5100;136;0.001384554
5100;144;0.001266869
5100;125;0.001249416
5100;147;0.001244186
5100;189;0.001381013
5100;159;0.001378549
5100;163;0.001428061
5100;177;0.001250548
5100;147;0.001525574
5100;145;0.001407863
5100;145;0.001243615
5100;128;0.001234768
5100;160;0.001271357
5100;162;0.001256158
5100;130;0.00123543
5100;145;0.001374641
5100;107;0.001418794
5100;143;0.00139051
5100;138;0.001264393
5100;144;0.001250628
5100;133;0.001257571
5100;143;0.001335237
5100;159;0.001234768
5100;125;0.001231022
5100;125;0.001264734
5100;146;0.001330037
5100;135;0.001428061
5100;119;0.001679743
5100;129;0.001255498
5100;124;0.001260486
5100;156;0.00123019
5100;182;0.001271938
5100;142;0.001354093
5100;125;0.001298678
5100;133;0.001319647
5100;149;0.001262651
5100;120;0.00128342
5100;109;0.001377386
5100;130;0.001245899
5100;155;0.00123563
5100;121;0.001236943
5100;138;0.001406711
5100;128;0.001312024
5100;127;0.001249536
5100;139;0.001284291
5100;150;0.001258032
5100;167;0.001240139
5100;126;0.001233245
5100;145;0.001231903
5100;149;0.001339621
5100;125;0.001253333
5100;130;0.001277909
5100;121;0.001334836
5100;125;0.00137683
5100;145;0.001247081
5100;130;0.001254194
5100;129;0.001234318
5100;142;0.001233716
5100;131;0.001254376
5100;107;0.001250938
5100;112;0.001308056
5100;124;0.001254476
5100;133;0.00137433
5100;135;0.001349223
5100;113;0.00194942
5100;152;0.001454841
5100;107;0.00124609
5100;122;0.001216764
5100;132;0.001238966
5100;101;0.001288419
5100;148;0.001401847
5100;159;0.001270786
5100;136;0.001354904
5100;148;0.001389238
5100;126;0.001266517
5100;119;0.001235018
5100;128;0.001236783
5100;156;0.001297045
5100;102;0.001264324
5100;162;0.001233185
5100;126;0.001280735
5100;148;0.001261809
5100;145;0.001278511
5100;161;0.001531746
5100;142;0.001559764
5100;145;0.001265817
5100;167;0.001264914
5100;110;0.001249295
5100;132;0.001375162
5100;135;0.001263713
5100;103;0.001248103
5100;149;0.001257781
5100;125;0.001268422
5100;134;0.001462446
5100;124;0.001305942
5100;114;0.001239216
5100;148;0.001243064
5100;127;0.001255287
5100;156;0.001246601
5100;132;0.001438711
5100;125;0.001293218
5100;137;0.001259254
5100;162;0.001254606
5100;133;0.001910457
5100;109;0.001402743
5100;142;0.001266699
5100;108;0.001287307
5100;156;0.001238495
5100;135;0.001302576
5100;137;0.001565379
5100;98;0.001314307
5100;128;0.00124141
5100;107;0.001249697
5100;140;0.001266758
5100;131;0.001226503
5100;127;0.001367474
5100;97;0.001261208
5100;122;0.001242213
5100;151;0.001254996
5100;116;0.001524082
5100;112;0.001313756
5100;163;0.001310511
5100;121;0.001280234
5100;162;0.001243214
5100;131;0.001388337
5100;131;0.001286546
5100;163;0.001398355
5100;152;0.001385702
5100;138;0.001286165
5100;113;0.001263162
5100;160;0.00127319
5100;146;0.001236091
5100;133;0.00124623
5100;157;0.001259004
5100;122;0.001286045
5100;143;0.001321972
5100;124;0.001461825
5100;125;0.001636793
5100;159;0.001276897
5100;144;0.00125144
5100;95;0.001261649
5100;147;0.001237633
5100;127;0.001231052
5100;148;0.001254966
5100;148;0.00126746
5100;139;0.001245559
5100;142;0.001369421
5100;136;0.001644443
5100;151;0.001351026
5100;140;0.001336324
5100;132;0.001267439
5100;133;0.001245268
5100;159;0.001256539
5100;135;0.001291365
5100;176;0.001481332
5100;103;0.001379811
5100;135;0.001285704
5100;116;0.001253072
5100;139;0.001232634
5100;110;0.001229959
5100;128;0.00124631
5100;109;0.001495208
5100;112;0.001251439
5100;109;0.001290814
5100;147;0.001372988
5100;127;0.001420547
5100;157;0.001423683
5100;114;0.00123545
5100;147;0.00124112
5100;126;0.001226734
5100;182;0.001249095
5100;126;0.001255718
5100;121;0.001288288
5100;157;0.001280554
5100;136;0.001229498
5100;131;0.001467635
5100;158;0.001248274
5100;148;0.001259955
5100;147;0.001233797
5100;138;0.001312795
5100;132;0.001222154
5100;117;0.001240068
5100;129;0.001240359
5100;117;0.001230801
5100;145;0.00146452
5100;131;0.001261348
5100;129;0.00131555
5100;126;0.001246209
5100;169;0.001230229
5100;123;0.001241752
5100;109;0.00145413
5100;161;0.001856836
5100;158;0.001271307
5100;133;0.001253904
5100;156;0.001258183
5100;112;0.001235169
5100;140;0.001320208
5100;154;0.001228737
5100;162;0.001353862
5100;131;0.001308526
5100;126;0.001323003
5100;126;0.001522909
5100;155;0.001314869
5100;97;0.001237624
5100;158;0.001251389
5100;139;0.001236171
5100;119;0.001305732
5100;140;0.001276096
5100;139;0.0012518
5100;123;0.001286515
5100;150;0.001387796
5100;121;0.001578604
5100;150;0.001255157
5100;117;0.001255868
5100;123;0.001300301
5100;142;0.0012519
5100;156;0.001225471
5100;131;0.001267871
5100;129;0.001530714
5100;124;0.00220696
5100;146;0.001669017
5100;122;0.001285904
5100;135;0.001237954
5100;125;0.001237253
5100;169;0.001241842
5100;149;0.001307605
5100;121;0.001224829
5100;110;0.001361055
5100;131;0.001276998
5100;147;0.001221323
5100;160;0.00128334
5100;109;0.001397443
5100;121;0.001227585
5100;149;0.001242513
5100;128;0.001226372
5100;131;0.001261499
5100;108;0.001222155
5100;141;0.001360805
5100;119;0.001410197
5100;107;0.001227495
5100;103;0.001280754
5100;116;0.001238555
5100;164;0.001318465
5100;144;0.001260757
5100;144;0.001343493
5100;151;0.001221684
5100;157;0.001327963
5100;168;0.001258282
5100;124;0.001242653
5100;162;0.001637675
5100;129;0.00170439
5100;136;0.00142208
5100;148;0.001268922
5100;109;0.001254295
5100;137;0.001268111
5100;140;0.001298598
5100;125;0.001252531
5100;107;0.001347239
5100;163;0.001246731
5100;114;0.001507781
5100;127;0.001594303
5100;102;0.001434183
5100;141;0.001276497
5100;167;0.001254545
5100;127;0.001278491
5100;155;0.001250067
5100;149;0.001239066
5100;154;0.001258903
5100;126;0.001236181
5100;161;0.001417562
5100;137;0.001487673
5100;131;0.001353692
5100;147;0.001408474
5100;115;0.001309799
5100;96;0.001370403
5100;124;0.001282137
5100;132;0.001236492
5100;134;0.001241721
5100;141;0.001234438
5100;170;0.001338273
5100;137;0.00124127
5100;135;0.001240229
5100;133;0.00160304
5100;105;0.001404046
5100;144;0.001320389
5100;134;0.001340406
5100;115;0.001339064
5100;101;0.001231101
5100;131;0.001237874
5100;132;0.001243255
5100;156;0.001269032
5100;146;0.001233586
5100;134;0.001345987
5100;161;0.001375803
5100;131;0.001281907
5100;151;0.001290413
5100;134;0.001233335
5100;95;0.00135802
5100;133;0.001260547
5100;132;0.001235139
5100;139;0.001245939
5100;131;0.001258903
5100;147;0.001398496
5100;126;0.001433211
5100;174;0.002222523
5100;136;0.001351147
5100;139;0.001458819
5100;152;0.001305511
5100;123;0.00156577
5100;135;0.001370934
5100;142;0.001424154
5100;133;0.001630451
5100;101;0.001652753
5100;135;0.001647713
5100;145;0.001493905
5100;171;0.001337802
5100;161;0.001452497
5100;169;0.001372798
5100;148;0.001387976
5100;121;0.001349263
5100;131;0.001439653
5100;155;0.002051987
5100;130;0.002635194
5100;102;0.001493834
5100;169;0.001366966
5100;174;0.001371695
5100;115;0.001466483
5100;171;0.001409897
5100;137;0.00149663
5100;158;0.001516246
5100;152;0.001488726
5100;139;0.001343342
5100;178;0.001436958
5100;135;0.001374942
5100;149;0.001327572
5100;116;0.001264203
5100;142;0.001248274
5100;123;0.001303868
5100;147;0.001358501
5100;139;0.001302465
5100;164;0.001252001
5100;125;0.001262691
5100;152;0.001333734
5100;128;0.001249416
5100;129;0.001423903
5100;148;0.001279417
5100;163;0.001256569
5100;137;0.001240289
5100;126;0.001341889
5100;129;0.001328845
5100;129;0.001256549
5100;125;0.001286346
5100;107;0.001296915
5100;129;0.001294059
5100;148;0.001248514
5100;158;0.001249165
5100;131;0.001431407
5100;165;0.001473787
5100;131;0.001640331
5100;128;0.001442438
5100;149;0.001270776
5100;133;0.001285679
5100;170;0.001267605
5100;135;0.001251349
5100;113;0.001712229
5100;168;0.001357399
5100;104;0.001265165
5100;128;0.001291766
5100;103;0.001268862
5100;124;0.001295092
5100;129;0.00125202
5100;153;0.00164094
5100;133;0.001490379
5100;149;0.001266347
5100;127;0.001252422
5100;170;0.00143292
5100;124;0.001385692
5100;153;0.001276868
5100;124;0.001242923
5100;150;0.001255757
5100;130;0.001273892
5100;151;0.001475591
5100;127;0.001349684
5100;158;0.001341588
5100;144;0.001296424
5100;156;0.001316481
5100;123;0.001265315
5100;122;0.001331941
5100;146;0.001275365
5100;148;0.001249987
5100;154;0.001260196
5100;115;0.001394127
5100;128;0.001543378
5100;133;0.001299429
5100;125;0.001583303
5100;127;0.001264875
5100;153;0.00125651
5100;120;0.001271246
5100;140;0.001242983
5100;139;0.001242142
5100;126;0.001240589
5100;119;0.001238545
5100;154;0.001423413
5100;170;0.001306723
5100;176;0.001348822
5100;116;0.001288419
5100;117;0.001252422
5100;131;0.001245088
5100;119;0.001258322
5100;128;0.001234208
5100;124;0.001254806
5100;143;0.001232243
5100;137;0.001332643
5100;100;0.001352669
5100;125;0.001239087
5100;135;0.00123575
5100;133;0.001229238
5100;122;0.001268131
5100;152;0.001272119
5100;173;0.001238515
5100;128;0.001232113
5100;161;0.001273491
5100;139;0.001236241
5100;121;0.00132658
5100;127;0.001353932
5100;133;0.00125159
5100;130;0.001309919
5100;145;0.001447518
5100;101;0.001255828
5100;127;0.001276547
5100;126;0.001242703
5100;150;0.001302956
5100;123;0.002153808
5100;135;0.001378348
5100;161;0.001255787
5100;156;0.001251029
5100;135;0.001362609
5100;109;0.001270495
5100;159;0.001274192
5100;118;0.00123559
5100;129;0.001225671
5100;151;0.001247663
5100;130;0.001236982
5100;163;0.001357875
5100;163;0.001254486
5100;126;0.001237744
5100;123;0.001399397
5100;124;0.001366175
5100;136;0.001243305
5100;134;0.00126222
5100;171;0.001242873
5100;120;0.001232905
5100;170;0.00124102
5100;143;0.001247593
5600;128;0.001986479
5600;116;0.001570643
5600;121;0.001381594
5600;146;0.001449231
5600;160;0.001346158
5600;114;0.001348963
5600;122;0.001345396
5600;121;0.001404737
5600;117;0.001534741
5600;179;0.00150717
5600;121;0.001406991
5600;138;0.001333785
5600;110;0.001375051
5600;185;0.001379561
5600;177;0.001335988
5600;132;0.001329486
5600;160;0.001372708
5600;144;0.001360013
5600;128;0.001570779
5600;114;0.001368279
5600;114;0.001337651
5600;146;0.001349694
5600;161;0.001350997
5600;118;0.001345186
5600;164;0.001963125
5600;176;0.001364301
5600;188;0.001354093
5600;112;0.001462976
5600;125;0.001478416
5600;118;0.001380462
5600;153;0.001432089
5600;121;0.001410027
5600;164;0.001733935
5600;152;0.001850495
5600;116;0.001366396
5600;153;0.001369321
5600;175;0.001385641
5600;150;0.001361236
5600;147;0.001355455
5600;133;0.001347019
5600;199;0.001589506
5600;131;0.002045611
5600;119;0.002396537
5600;137;0.001642755
5600;175;0.002038272
5600;136;0.001479097
5600;123;0.001408404
5600;199;0.001393386
5600;134;0.001602459
5600;186;0.001669344
5600;170;0.001386833
5600;201;0.001382296
5600;170;0.001554003
5600;187;0.001422025
5600;117;0.001360724
5600;110;0.001373468
5600;159;0.001359363
5600;189;0.001516066
5600;144;0.00173105
5600;167;0.001486981
5600;138;0.001514083
5600;138;0.001361236
5600;136;0.001357779
5600;138;0.00134738
5600;140;0.001558296
5600;125;0.001468677
5600;133;0.001344916
5600;145;0.00148098
5600;131;0.001350666
5600;158;0.001404658
5600;185;0.00134256
5600;143;0.001358019
5600;196;0.001390611
5600;132;0.00141667
5600;142;0.001468698
5600;214;0.001366916
5600;137;0.001345487
5600;150;0.001446245
5600;161;0.00150177
5600;133;0.001526296
5600;167;0.001348491
5600;148;0.001336168
5600;211;0.001428122
5600;202;0.001449491
5600;135;0.001450935
5600;133;0.001384689
5600;199;0.001434573
5600;143;0.001345146
5600;154;0.001331319
5600;148;0.001468377
5600;132;0.001500037
5600;137;0.001757119
5600;215;0.001777428
5600;167;0.001388747
5600;156;0.001358932
5600;172;0.001425566
5600;144;0.001361106
5600;142;0.001442959
5600;140;0.001359954
5600;150;0.001367738
5600;216;0.001835145
5600;196;0.001670376
5600;141;0.001380842
5600;212;0.001435555
5600;129;0.001421619
5600;179;0.001424775
5600;135;0.001333874
5600;134;0.001377176
5600;146;0.001364412
5600;143;0.002331257
5600;215;0.001842559
5600;196;0.001422481
5600;209;0.001376785
5600;149;0.001392855
5600;139;0.001342871
5600;151;0.001398395
5600;184;0.0013738
5600;210;0.001623438
5600;138;0.001791243
5600;124;0.001349113
5600;176;0.002219136
5600;181;0.001833322
5600;168;0.001430826
5600;136;0.001362348
5600;207;0.001343022
5600;209;0.001365393
5600;144;0.002324814
5600;123;0.00153949
5600;151;0.001911364
5600;210;0.001524288
5600;215;0.001374861
5600;144;0.001370283
5600;170;0.001396782
5600;188;0.001339795
5600;139;0.001339485
5600;151;0.001456935
5600;205;0.002023258
5600;133;0.001645339
5600;146;0.001480987
5600;210;0.001692082
5600;198;0.001442839
5600;151;0.001352059
5600;152;0.001345737
5600;151;0.001354433
5600;169;0.001686276
5600;134;0.001641372
5600;189;0.001341408
5600;219;0.001538373
5600;153;0.001378598
5600;156;0.001367287
5600;164;0.001448289
5600;186;0.001439222
5600;144;0.00138482
5600;165;0.001376735
5600;189;0.001386594
5600;140;0.001336629
5600;140;0.001344014
5600;131;0.001466082
5600;173;0.001522298
5600;135;0.001442588
5600;199;0.001341559
5600;187;0.001375012
5600;197;0.001379159
5600;158;0.001338292
5600;219;0.001736581
5600;139;0.001548337
5600;138;0.001381935
5600;215;0.001552735
5600;154;0.001382746
5600;213;0.001353141
5600;157;0.001413925
5600;145;0.001371565
5600;221;0.001370122
5600;143;0.001362287
5600;151;0.001359964
5600;182;0.001502751
5600;190;0.001448149
5600;144;0.001366195
5600;157;0.001410243
5600;178;0.001395785
5600;199;0.002032095
5600;165;0.001946746
5600;158;0.001435175
5600;154;0.001426518
5600;164;0.00132617
5600;139;0.001421229
5600;151;0.001358741
5600;201;0.001603481
5600;137;0.001451124
5600;139;0.001365765
5600;185;0.001358941
5600;121;0.001364672
5600;180;0.001511017
5600;133;0.001978835
5600;193;0.001356677
5600;206;0.001369151
5600;128;0.001420527
5600;147;0.001450954
5600;153;0.0013846
5600;121;0.001505116
5600;126;0.001365624
5600;143;0.001367367
5600;162;0.001365504
5600;138;0.001534241
5600;139;0.001606416
5600;155;0.001776365
5600;214;0.002726464
5600;160;0.001457025
5600;145;0.001386824
5600;144;0.00140058
5600;169;0.001588021
5600;109;0.001346518
5600;113;0.001376976
5600;103;0.001382936
5600;136;0.001438862
5600;151;0.002020558
5600;111;0.001943726
5600;116;0.001806281
5600;171;0.001608039
5600;115;0.001357108
5600;109;0.001488505
5600;106;0.001419535
5600;117;0.001386283
5600;104;0.001627375
5600;104;0.001588463
5600;110;0.001408244
5600;129;0.001380081
5600;111;0.001509824
5600;122;0.001611185
5600;110;0.001371865
5600;109;0.001381514
5600;174;0.001381404
5600;167;0.001621444
5600;169;0.001637504
5600;159;0.001452056
5600;103;0.001436357
5600;112;0.001351147
5600;139;0.001358471
5600;163;0.001449346
5600;151;0.001390741
5600;152;0.001533299
5600;131;0.001509765
5600;209;0.001865733
5600;129;0.001452788
5600;142;0.001371184
5600;149;0.001348111
5600;149;0.001362428
5600;154;0.001436437
5600;149;0.001350115
5600;135;0.001341138
5600;143;0.001462896
5600;172;0.001840054
5600;126;0.001481191
5600;139;0.001376605
5600;207;0.001364722
5600;177;0.001372156
5600;128;0.001365584
5600;122;0.001323866
5600;143;0.001397624
5600;202;0.001356998
5600;139;0.001543177
5600;209;0.001497742
5600;207;0.001383056
5600;172;0.001366155
5600;212;0.001419305
5600;134;0.001369411
5600;123;0.001352479
5600;174;0.001341288
5600;155;0.001415087
5600;206;0.001556442
5600;147;0.001446336
5600;130;0.001327653
5600;114;0.001409005
5600;108;0.001460902
5600;110;0.001493444
5600;129;0.001492392
5600;127;0.001352219
5600;118;0.001381784
5600;136;0.001356276
5600;182;0.001361957
5600;112;0.001369792
5600;138;0.001350325
5600;153;0.001340086
5600;135;0.001704104
5600;154;0.001652799
5600;151;0.001510566
5600;111;0.001418784
5600;104;0.001397885
5600;113;0.001361677
5600;146;0.001393977
5600;171;0.001364672
5600;119;0.001354503
5600;107;0.001469689
5600;114;0.002518959
5600;181;0.001514879
5600;165;0.001407768
5600;111;0.001359131
5600;114;0.001406551
5600;104;0.001337532
5600;133;0.001354563
5600;150;0.001630762
5600;185;0.001359702
5600;144;0.001356587
5600;165;0.001445954
5600;125;0.001766175
5600;169;0.00167255
5600;144;0.001761286
5600;154;0.001870071
5600;133;0.001863509
5600;136;0.001408865
5600;176;0.001385321
5600;157;0.00135299
5600;149;0.001345026
5600;205;0.001772618
5600;162;0.001663022
5600;147;0.001625382
5600;174;0.00144339
5600;126;0.001382796
5600;143;0.001369121
5600;125;0.001354743
5600;176;0.001369552
5600;191;0.001367497
5600;124;0.001555175
5600;158;0.002666595
5600;209;0.002007259
5600;211;0.00206853
5600;134;0.001453749
5600;156;0.001391692
5600;126;0.001407362
5600;138;0.001371776
5600;200;0.002088521
5600;189;0.001413363
5600;149;0.001449311
5600;200;0.001349754
5600;215;0.001375473
5600;212;0.0014544
5600;155;0.001356035
5600;191;0.001384719
5600;173;0.001387735
5600;216;0.001799298
5600;168;0.001774923
5600;123;0.001887734
5600;164;0.001510696
5600;144;0.001360875
5600;189;0.001378809
5600;165;0.001440905
5600;148;0.001359703
5600;154;0.001511087
5600;158;0.001453118
5600;157;0.001345216
5600;155;0.001365433
5600;143;0.001356738
5600;146;0.001401271
5600;219;0.00142202
5600;144;0.001337531
5600;175;0.001340798
5600;153;0.001441356
5600;150;0.002483484
5600;204;0.001544886
5600;156;0.001418434
5600;129;0.001449331
5600;178;0.001394428
5600;158;0.001348071
5600;185;0.001365554
5600;152;0.001807764
5600;130;0.001858844
5600;172;0.002036176
5600;167;0.001531886
5600;179;0.001880699
5600;127;0.001519898
5600;130;0.001360805
5600;143;0.001353011
5600;194;0.00161958
5600;122;0.001728605
5600;202;0.001374811
5600;157;0.001348441
5600;192;0.001792171
5600;132;0.001655351
5600;164;0.001357068
5600;173;0.001336379
5600;125;0.0013684
5600;185;0.001563134
5600;178;0.001631433
5600;150;0.001418423
5600;126;0.001345285
5600;168;0.001366566
5600;180;0.00135271
5600;196;0.002079859
5600;186;0.002153875
5600;136;0.001598241
5600;149;0.001521417
5600;161;0.001370784
5600;123;0.001408946
5600;119;0.00137957
5600;205;0.001425867
5600;123;0.001541324
5600;183;0.001447728
5600;143;0.001363099
5600;149;0.001375131
5600;164;0.001436408
5600;194;0.001360595
5600;136;0.001352128
5600;126;0.001357388
5600;129;0.001353702
5600;130;0.001340507
5600;162;0.001714515
5600;147;0.001727884
5600;131;0.00140085
5600;125;0.001362027
5600;190;0.001373679
5600;180;0.001366005
5600;197;0.001357489
5600;157;0.001375382
5600;119;0.001408986
5600;167;0.001477243
5600;153;0.001623478
5600;111;0.001664535
5600;127;0.001407693
5600;135;0.00137413
5600;133;0.001367598
5600;130;0.002677162
5600;181;0.00152347
5600;167;0.001403946
5600;164;0.001357759
5600;138;0.001420056
5600;206;0.001381243
5600;195;0.00135265
5600;127;0.001522739
5600;159;0.00175774
5600;164;0.001497492
5600;162;0.001499024
5600;129;0.001394358
5600;190;0.001381904
5600;158;0.00136313
5600;205;0.00135833
5600;198;0.001357328
5600;148;0.001458979
5600;136;0.001798937
5600;186;0.001434513
5600;151;0.001356847
5600;126;0.00136897
5600;163;0.001397283
5600;137;0.001422811
5600;142;0.001357588
5600;131;0.001413844
5600;146;0.001394248
5600;141;0.001548417
5600;142;0.001560871
5600;171;0.001350035
5600;137;0.001356587
5600;164;0.001964743
5600;196;0.00140069
5600;151;0.001340006
5600;165;0.001333944
5600;196;0.001386342
5600;123;0.001421669
5600;114;0.001410779
5600;119;0.001812603
5600;118;0.001420737
5600;125;0.001350466
5600;113;0.001330418
5600;122;0.001419004
5600;115;0.001386684
5600;138;0.00135811
5600;108;0.001360604
5600;112;0.001338273
5600;113;0.001529442
5600;174;0.001408535
5600;176;0.001376384
5600;193;0.00136876
5600;123;0.001350556
5600;130;0.001352189
5600;126;0.001353631
5600;171;0.001351368
5600;120;0.001345666
5600;119;0.001345256
5600;147;0.001898685
5600;106;0.001421739
5600;147;0.001349363
5600;193;0.001340516
5600;157;0.00297762
5600;171;0.00147552
5600;136;0.001356577
5600;123;0.001345457
5600;136;0.00134781
5600;143;0.001388527
5600;199;0.001333835
5600;129;0.001350606
5600;119;0.001562824
5600;116;0.001565078
5600;165;0.001550295
5600;127;0.001398386
5600;199;0.001407568
5600;203;0.001317353
5600;129;0.001360655
5600;144;0.001381384
5600;126;0.001361316
5600;158;0.001625692
5600;158;0.001614521
5600;152;0.00138528
5600;167;0.001379089
5600;118;0.002381756
5600;113;0.001510947
5600;162;0.001370803
5600;184;0.001345557
5600;148;0.001410688
5600;119;0.001398727
5600;183;0.001488785
5600;140;0.001471342
5600;196;0.001425356
5600;164;0.001440274
5600;160;0.001372136
5600;117;0.00137909
5600;134;0.001421479
5600;148;0.001573875
5600;157;0.001466023
5600;116;0.001382666
5600;159;0.00137404
5600;175;0.001342861
5600;205;0.00134731
5600;162;0.001349373
5600;120;0.001362618
5600;119;0.001478591
5600;120;0.001492743
5600;130;0.001376404
5600;126;0.001361596
5600;143;0.001356116
5600;181;0.001405669
5600;130;0.001377386
5600;138;0.001344444
5600;127;0.001387605
5600;127;0.001366787
5600;117;0.001505106
5600;124;0.00190438
5600;121;0.001458328
5600;207;0.001356927
5600;181;0.001426148
5600;129;0.001409426
5600;121;0.00134805
5600;164;0.001353861
5600;149;0.001934061
5600;159;0.001843446
5600;172;0.00137386
5600;158;0.001460929
5600;170;0.001366356
5600;151;0.001352759
5600;214;0.001351878
5600;172;0.001371495
5600;141;0.001345145
5600;135;0.001583362
5600;131;0.001503392
5600;138;0.0014112
5600;135;0.00144904
5600;189;0.001355916
5600;147;0.001356657
5600;141;0.001346789
5600;132;0.001365754
5600;164;0.001400079
5600;155;0.001522008
5600;149;0.001582792
5600;134;0.001376675
5600;172;0.001404406
5600;152;0.001339264
5600;158;0.001641572
5600;149;0.001462556
5600;201;0.001386203
5600;141;0.001348161
5600;187;0.001484958
5600;148;0.001662541
5600;143;0.001386783
5600;131;0.001412632
5600;131;0.00135267
5600;152;0.001361977
5600;204;0.00149119
5600;139;0.001520475
5600;131;0.001376023
5600;157;0.001410718
5600;144;0.001354033
5600;146;0.001364211
5600;138;0.001340737
5600;163;0.001345206
5600;141;0.001345196
5600;139;0.001463848
5600;154;0.001582211
5600;144;0.001412592
5600;166;0.001439518
5600;189;0.001367748
5600;140;0.001391288
5600;137;0.001370403
5600;190;0.001348001
5600;156;0.001405419
5600;134;0.001367537
5600;132;0.001427039
5600;204;0.001383798
5600;127;0.001346218
5600;132;0.001454821
5600;133;0.001346238
5600;195;0.001610203
5600;155;0.001372427
5600;153;0.00134248
5600;194;0.001657121
5600;114;0.001375723
5600;161;0.001359552
5600;169;0.001406481
5600;174;0.001347731
5600;134;0.00141703
5600;117;0.001349544
5600;172;0.001436708
5600;143;0.001468787
5600;120;0.001409316
5600;169;0.001354152
5600;165;0.00135799
5600;135;0.001485669
5600;192;0.001439783
5600;179;0.001378067
5600;115;0.001335096
5600;137;0.001355265
5600;138;0.001715431
5600;171;0.001431918
5600;134;0.001386423
5600;119;0.001350615
5600;167;0.001357448
5600;159;0.001343783
5600;109;0.001382716
5600;129;0.001399297
5600;115;0.001377466
5600;175;0.001508052
5600;169;0.001639788
5600;157;0.001372617
5600;114;0.00135841
5600;116;0.001620693
5600;130;0.001568735
5600;135;0.001555641
5600;112;0.001375462
5600;154;0.001359232
5600;111;0.001365314
5600;114;0.001554593
5600;111;0.001455873
5600;121;0.001369451
5600;123;0.001393526
5600;116;0.001507631
5600;143;0.001460973
5600;134;0.001368279
5600;119;0.001389168
5600;130;0.001409186
5600;123;0.001366125
5600;155;0.001367758
5600;121;0.001464696
5600;152;0.001404717
5600;105;0.001700833
5600;174;0.001649898
5600;166;0.001391663
5600;125;0.001428342
5600;171;0.001359091
5600;141;0.001353702
5600;106;0.00135809
5600;111;0.0013687
5600;121;0.001380582
5600;134;0.002539527
5600;147;0.001599253
5600;160;0.001869911
5600;151;0.001492713
5600;143;0.001393766
5600;174;0.001467465
5600;148;0.001412271
5600;148;0.001377195
5600;168;0.001396372
5600;200;0.001363971
5600;159;0.001427064
5600;119;0.001628092
5600;119;0.001895744
5600;161;0.001875622
5600;144;0.001400239
5600;169;0.001360184
5600;127;0.001410839
5600;128;0.001393697
5600;118;0.001316702
5600;165;0.001386543
5600;124;0.001593833
5600;149;0.002111301
5600;176;0.001776534
5600;133;0.001423332
5600;150;0.00136875
5600;164;0.001398386
5600;161;0.001385461
5600;119;0.001356507
5600;165;0.001481221
5600;160;0.001466173
5600;117;0.00137405
5600;204;0.001363751
5600;116;0.001564407
5600;125;0.001456915
5600;132;0.001387354
5600;109;0.001425797
5600;116;0.001410498
5600;142;0.001488214
5600;134;0.001361176
5600;126;0.001348382
5600;143;0.001333664
5600;169;0.001365083
5600;152;0.00166156
5600;133;0.001453459
5600;172;0.00135803
5600;145;0.001361146
5600;138;0.001349263
5600;155;0.00142204
5600;149;0.001414826
5600;110;0.00136351
5600;127;0.001415098
5600;117;0.00143838
5600;131;0.001419035
5600;122;0.001348381
5600;118;0.001331871
5600;119;0.001340958
5600;163;0.001370172
5600;138;0.001392654
5600;141;0.001399558
5600;141;0.001455984
5600;120;0.00136373
5600;144;0.001394148
5600;104;0.00151264
5600;138;0.001403706
5600;155;0.001537877
5600;113;0.001548447
5600;105;0.001396582
5600;100;0.001351838
5600;106;0.001372858
5600;150;0.001461734
5600;158;0.001382615
5600;155;0.001367457
5600;129;0.001357539
5600;115;0.001537006
5600;99;0.001815519
5600;105;0.001408785
5600;122;0.001417001
5600;130;0.001367317
5600;99;0.001411089
5600;101;0.001350255
5600;142;0.001954711
5600;140;0.002174665
5600;151;0.001609913
5600;111;0.001912265
5600;151;0.001713482
5600;159;0.001392174
5600;116;0.001371565
5600;124;0.001350085
5600;125;0.001492352
5600;130;0.001922854
5600;156;0.002575801
5600;102;0.00147529
5600;190;0.001458889
5600;197;0.001410518
5600;150;0.001648075
5600;146;0.001454531
5600;146;0.001401181
5600;166;0.001362027
5600;141;0.001427741
5600;146;0.001349844
5600;148;0.001364823
5600;136;0.001356166
5600;176;0.001350947
5600;219;0.001512169
5600;175;0.001412271
5600;146;0.00148864
5600;135;0.001406982
5600;161;0.001343011
5600;201;0.001338193
5600;192;0.001359833
5600;130;0.001341699
5600;153;0.001332021
5600;154;0.00143798
5600;137;0.001434063
5600;202;0.001365353
5600;140;0.001344034
5600;176;0.00139547
5600;147;0.001378328
5600;163;0.001340327
5600;180;0.001345406
5600;147;0.001401421
5600;162;0.001393366
5600;124;0.002119309
5600;116;0.001384178
5600;174;0.001354903
5600;133;0.001472265
5600;112;0.001409827
5600;184;0.001368098
5600;163;0.001402733
5600;151;0.001372096
5600;187;0.001400529
5600;129;0.00173644
5600;115;0.001435194
5600;171;0.001362849
5600;119;0.00134768
5600;165;0.001371926
5600;115;0.001392284
5600;111;0.00134266
5600;146;0.001353651
5600;115;0.001371455
5600;114;0.001831298
5600;130;0.001622696
5600;116;0.001361787
5600;150;0.001368349
5600;139;0.001354153
5600;113;0.001338814
5600;144;0.001434994
5600;108;0.001388998
5600;134;0.001339074
5600;140;0.001582632
5600;165;0.00168328
5600;141;0.001908799
5600;140;0.0015816
5600;122;0.001457166
5600;180;0.001373589
5600;166;0.001357398
5600;143;0.00136386
5600;136;0.001375363
5600;139;0.001581769
5600;113;0.001646061
5600;175;0.001586148
5600;125;0.001368549
5600;132;0.001366035
5600;159;0.001414105
5600;184;0.001385482
5600;160;0.001354623
5600;125;0.001387976
5600;177;0.001611746
5600;149;0.001727102
5600;146;0.001356076
5600;163;0.001345947
5600;122;0.001578774
5600;183;0.001374671
5600;143;0.001458378
5600;127;0.001365113
5600;138;0.001341208
5600;114;0.001517759
5600;126;0.001613018
5600;122;0.001396562
5600;130;0.001369181
5600;151;0.001431588
5600;128;0.001349183
5600;186;0.001549299
5600;141;0.001440224
5600;141;0.001427079
5600;165;0.001382916
5600;183;0.001418974
5600;133;0.001353922
5600;128;0.001373669
5600;150;0.001381884
5600;129;0.001354293
5600;126;0.001396161
5600;143;0.001376344
5600;156;0.001645199
5600;140;0.001369411
5600;170;0.001356126
5600;120;0.001433171
5600;134;0.001357389
5600;215;0.001361286
5600;132;0.001343021
5600;126;0.001338353
5600;139;0.001385492
5600;194;0.001418844
5600;132;0.001622766
5600;168;0.001379089
5600;212;0.001373098
5600;152;0.001346648
5600;128;0.001402874
5600;170;0.001345737
5600;169;0.001371375
5600;197;0.001385611
5600;214;0.001357609
5600;135;0.001816411
5600;143;0.001677219
5600;143;0.001760175
5600;121;0.001484457
5600;145;0.001478757
5600;146;0.001555751
5600;139;0.001419625
5600;119;0.001419705
5600;146;0.0014857
5600;198;0.001414636
5600;133;0.001711774
5600;162;0.001851646
5600;192;0.001733775
5600;140;0.001429173
5600;149;0.001380683
5600;121;0.001388417
5600;150;0.001469118
5600;148;0.001436507
5600;144;0.001484908
5600;123;0.001792836
5600;188;0.002554585
5600;148;0.001874846
5600;202;0.001450914
5600;129;0.001404056
5600;143;0.001452136
5600;153;0.001471653
5600;135;0.00151231
5600;141;0.001791764
5600;146;0.001561692
5600;145;0.001404838
6100;172;0.001546805
6100;239;0.001803346
6100;235;0.002088401
6100;230;0.001697346
6100;171;0.001537056
6100;151;0.001618829
6100;199;0.001523731
6100;198;0.001982092
6100;185;0.001650169
6100;156;0.001620863
6100;175;0.001506739
6100;176;0.001505377
6100;203;0.001463588
6100;180;0.001465071
6100;133;0.00147526
6100;162;0.00148641
6100;228;0.00152362
6100;198;0.00154949
6100;201;0.001603761
6100;222;0.001456124
6100;189;0.001482624
6100;235;0.001532016
6100;213;0.001470601
6100;174;0.001446555
6100;225;0.001450753
6100;235;0.001457858
6100;185;0.001624389
6100;215;0.0019604
6100;160;0.001657091
6100;230;0.001467054
6100;215;0.001852769
6100;238;0.00159222
6100;241;0.001553287
6100;214;0.00152354
6100;222;0.001476092
6100;176;0.001549319
6100;205;0.001458358
6100;229;0.00148067
6100;236;0.001542576
6100;201;0.001627205
6100;233;0.001641642
6100;262;0.00149655
6100;202;0.001513612
6100;145;0.001568068
6100;169;0.001438261
6100;207;0.001458628
6100;229;0.001461293
6100;197;0.001574927
6100;211;0.001604473
6100;200;0.001447287
6100;174;0.001437529
6100;262;0.001453379
6100;175;0.001435275
6100;167;0.001508472
6100;167;0.001444502
6100;227;0.001505998
6100;208;0.001667731
6100;178;0.001517249
6100;200;0.001473086
6100;153;0.001452377
6100;244;0.001700342
6100;218;0.001509845
6100;197;0.0014538
6100;224;0.001499435
6100;203;0.001445254
6100;160;0.001434133
6100;179;0.001579812
6100;214;0.001445023
6100;243;0.001457186
6100;208;0.00151797
6100;198;0.001534271
6100;203;0.001449742
6100;146;0.001516086
6100;182;0.001506579
6100;151;0.001458519
6100;190;0.001444642
6100;177;0.001497963
6100;215;0.00147551
6100;217;0.00156052
6100;208;0.001567192
6100;159;0.001461303
6100;172;0.001458158
6100;146;0.001454581
6100;226;0.001492552
6100;251;0.001452747
6100;261;0.001467786
6100;250;0.001546884
6100;209;0.001614195
6100;175;0.001534311
6100;219;0.001477905
6100;209;0.001591999
6100;204;0.001498534
6100;178;0.001472364
6100;209;0.001486521
6100;252;0.001454281
6100;200;0.001573314
6100;155;0.00147518
6100;245;0.001497331
6100;253;0.001454351
6100;230;0.00149665
6100;248;0.00143274
6100;262;0.001525003
6100;245;0.001467976
6100;188;0.001471452
6100;224;0.001705222
6100;251;0.001470621
6100;201;0.001458839
6100;201;0.001450423
6100;223;0.001442479
6100;227;0.001467796
6100;240;0.001503753
6100;201;0.001509284
6100;237;0.001498664
6100;151;0.001750126
6100;213;0.00151763
6100;205;0.001471743
6100;224;0.001452898
6100;253;0.001516718
6100;212;0.001445564
6100;181;0.001451385
6100;243;0.001515535
6100;187;0.001631834
6100;224;0.00146472
6100;239;0.001458748
6100;236;0.001451786
6100;208;0.001503603
6100;188;0.001852899
6100;188;0.001694001
6100;191;0.001451515
6100;201;0.001449872
6100;185;0.001460221
6100;241;0.001465292
6100;164;0.001484918
6100;205;0.001450353
6100;194;0.001494526
6100;146;0.001603651
6100;181;0.001488074
6100;166;0.001452176
6100;182;0.00145966
6100;177;0.001447017
6100;233;0.0014432
6100;177;0.001529902
6100;227;0.001603501
6100;211;0.001540953
6100;178;0.001578825
6100;192;0.001517609
6100;153;0.001483776
6100;215;0.001454541
6100;221;0.001453499
6100;177;0.001458118
6100;145;0.001584255
6100;178;0.001510075
6100;213;0.001732102
6100;213;0.001939827
6100;188;0.001513191
6100;186;0.001491441
6100;206;0.001464409
6100;186;0.001557895
6100;236;0.001462797
6100;175;0.001469479
6100;236;0.001703649
6100;200;0.001860232
6100;233;0.001489136
6100;182;0.001488154
6100;210;0.001573083
6100;212;0.001482884
6100;232;0.001463628
6100;177;0.001497943
6100;175;0.001485619
6100;180;0.001913804
6100;175;0.001862226
6100;132;0.001464931
6100;180;0.001481962
6100;213;0.001465271
6100;148;0.001507641
6100;228;0.001500818
6100;187;0.001671398
6100;233;0.001778089
6100;178;0.001934492
6100;182;0.001999073
6100;152;0.001515655
6100;178;0.001763992
6100;204;0.001500147
6100;246;0.001520655
6100;206;0.001914935
6100;192;0.001926907
6100;203;0.001809778
6100;242;0.00180536
6100;224;0.001757369
6100;223;0.001849813
6100;152;0.001860082
6100;143;0.001873908
6100;216;0.001845146
6100;220;0.001769963
6100;204;0.001787195
6100;214;0.001840185
6100;199;0.001805409
6100;165;0.001822081
6100;238;0.001887884
6100;207;0.00224245
6100;246;0.001938319
6100;239;0.001808114
6100;242;0.001780863
6100;205;0.001782828
6100;202;0.001796573
6100;215;0.002284389
6100;140;0.00215172
6100;158;0.001848771
6100;204;0.001766848
6100;225;0.001809287
6100;227;0.002308855
6100;189;0.00164583
6100;172;0.001463898
6100;186;0.001473617
6100;212;0.00146452
6100;231;0.001506999
6100;238;0.001457086
6100;169;0.001545642
6100;246;0.001999474
6100;211;0.001484667
6100;196;0.001592556
6100;209;0.001490473
6100;226;0.001456785
6100;153;0.001472344
6100;240;0.001475249
6100;246;0.001480409
6100;137;0.001644217
6100;190;0.001644879
6100;139;0.001567272
6100;238;0.001444853
6100;189;0.001937378
6100;159;0.001591187
6100;232;0.001456815
6100;209;0.001468797
6100;174;0.001521257
6100;185;0.001632094
6100;190;0.001638506
6100;182;0.001515064
6100;206;0.001451175
6100;197;0.001465261
6100;211;0.001842965
6100;185;0.001509474
6100;177;0.001456384
6100;180;0.00150198
6100;151;0.001446546
6100;185;0.001466764
6100;201;0.004814074
6100;185;0.001813375
6100;150;0.001823403
6100;142;0.001782076
6100;142;0.001892964
6100;191;0.001813124
6100;130;0.001877375
6100;137;0.002049638
6100;136;0.001770203
6100;221;0.001819766
6100;222;0.00197556
6100;188;0.002369388
6100;187;0.002400998
6100;198;0.002357887
6100;196;0.002537474
6100;186;0.002414493
6100;186;0.002451222
6100;192;0.002088912
6100;144;0.001953909
6100;191;0.0018113
6100;155;0.001760886
6100;184;0.001800941
6100;226;0.001791414
6100;156;0.00184842
6100;210;0.001562043
6100;200;0.001522088
6100;190;0.002233143
6100;190;0.001726822
6100;207;0.00159773
6100;208;0.001627375
6100;195;0.001458799
6100;185;0.00149664
6100;214;0.001526335
6100;188;0.001463288
6100;224;0.001456685
6100;225;0.00145411
6100;189;0.001527258
6100;145;0.001617096
6100;146;0.001510376
6100;163;0.001469088
6100;213;0.001442619
6100;168;0.001452968
6100;168;0.001511808
6100;205;0.001450293
6100;211;0.00144309
6100;190;0.001531736
6100;189;0.001535914
6100;157;0.001685394
6100;193;0.001501128
6100;220;0.001483566
6100;181;0.001459971
6100;219;0.001516707
6100;182;0.001493594
6100;198;0.001452828
6100;246;0.001878618
6100;205;0.001814116
6100;220;0.001892042
6100;272;0.001831438
6100;217;0.001795842
6100;210;0.00177376
6100;253;0.001540232
6100;222;0.001489497
6100;274;0.001542566
6100;222;0.00147538
6100;215;0.001477484
6100;222;0.00146973
6100;193;0.001512409
6100;223;0.001469458
6100;246;0.001507049
6100;218;0.001536785
6100;209;0.001452847
6100;268;0.001492523
6100;246;0.001473176
6100;189;0.001460301
6100;179;0.001446946
6100;175;0.001483546
6100;158;0.001483706
6100;215;0.001559027
6100;235;0.001450383
6100;273;0.001513842
6100;159;0.001442519
6100;214;0.001485789
6100;228;0.001519613
6100;238;0.00147523
6100;199;0.002286473
6100;163;0.001537376
6100;141;0.001472935
6100;179;0.001476763
6100;194;0.001590346
6100;217;0.001461684
6100;217;0.001519674
6100;230;0.001478095
6100;206;0.001452667
6100;141;0.001501644
6100;189;0.001513487
6100;226;0.001461484
6100;165;0.001484848
6100;179;0.001493013
6100;205;0.001461644
6100;163;0.001456855
6100;206;0.0015017
6100;212;0.001445754
6100;178;0.001462426
6100;206;0.00151271
6100;171;0.001515596
6100;167;0.001465862
6100;168;0.001480009
6100;181;0.001444332
6100;177;0.001455353
6100;169;0.00146504
6100;163;0.001464209
6100;158;0.001496119
6100;138;0.001445984
6100;207;0.00146487
6100;213;0.001555079
6100;236;0.001460482
6100;255;0.001457977
6100;191;0.001487573
6100;251;0.001512219
6100;170;0.001486831
6100;285;0.001463658
6100;264;0.001465952
6100;225;0.001487954
6100;257;0.001456955
6100;220;0.001458859
6100;223;0.001647417
6100;191;0.001459641
6100;208;0.001514874
6100;185;0.001470491
6100;221;0.001462676
6100;154;0.001439393
6100;222;0.001456605
6100;230;0.001585847
6100;210;0.001464981
6100;155;0.001452146
6100;215;0.001530378
6100;264;0.001514594
6100;246;0.001718406
6100;218;0.001674754
6100;270;0.001445404
6100;211;0.001444953
6100;232;0.001453308
6100;264;0.001503593
6100;206;0.001456454
6100;185;0.001552064
6100;202;0.001455152
6100;208;0.00159797
6100;183;0.001470351
6100;140;0.001471022
6100;222;0.001731205
6100;165;0.001472865
6100;206;0.001482213
6100;196;0.001475931
6100;237;0.001481201
6100;196;0.001511148
6100;229;0.001557324
6100;178;0.001629058
6100;157;0.001481752
6100;166;0.001462426
6100;205;0.001602685
6100;225;0.0014751
6100;166;0.001495607
6100;195;0.001509284
6100;229;0.001460071
6100;217;0.001470811
6100;191;0.001473807
6100;176;0.001449462
6100;151;0.001453419
6100;181;0.001476342
6100;196;0.001546734
6100;232;0.00150233
6100;232;0.001476752
6100;221;0.001463137
6100;227;0.00145914
6100;226;0.001664425
6100;208;0.001482163
6100;178;0.001482944
6100;219;0.001465552
6100;239;0.001453609
6100;232;0.001474669
6100;221;0.001441046
6100;214;0.001511718
6100;259;0.00148601
6100;214;0.001472114
6100;208;0.00144863
6100;207;0.001472535
6100;218;0.001453759
6100;249;0.001546504
6100;268;0.001525384
6100;266;0.001464149
6100;245;0.001463348
6100;203;0.001497311
6100;179;0.001518441
6100;162;0.001457857
6100;191;0.001537677
6100;214;0.001448821
6100;212;0.001454651
6100;234;0.001570729
6100;153;0.001478015
6100;201;0.001442829
6100;257;0.001485149
6100;203;0.001546243
6100;243;0.001509033
6100;209;0.001464209
6100;191;0.001570539
6100;205;0.001469309
6100;271;0.001451595
6100;210;0.00149665
6100;182;0.001447308
6100;261;0.001545301
6100;172;0.001492613
6100;235;0.001508893
6100;199;0.001470661
6100;260;0.001487753
6100;262;0.001456856
6100;199;0.001467675
6100;216;0.001444803
6100;171;0.00144866
6100;197;0.001518501
6100;263;0.001635852
6100;181;0.001446826
6100;238;0.001479378
6100;187;0.001495638
6100;221;0.001479889
6100;210;0.001462165
6100;202;0.00156037
6100;157;0.001458909
6100;221;0.001506709
6100;219;0.001467796
6100;232;0.001546453
6100;233;0.001452528
6100;143;0.001535172
6100;209;0.001506448
6100;209;0.001485298
6100;160;0.001526095
6100;167;0.001527688
6100;177;0.001456966
6100;209;0.001554228
6100;224;0.001449511
6100;186;0.001477504
6100;176;0.001451074
6100;247;0.001462155
6100;182;0.001445213
6100;228;0.001464039
6100;187;0.001458478
6100;183;0.002449183
6100;208;0.001571416
6100;209;0.001520044
6100;187;0.001448479
6100;187;0.001483195
6100;166;0.001532097
6100;198;0.001460853
6100;234;0.001446816
6100;236;0.001441597
6100;218;0.00151267
6100;198;0.001524307
6100;180;0.00146775
6100;176;0.001511548
6100;197;0.001476562
6100;251;0.001442638
6100;217;0.001449652
6100;197;0.001450133
6100;187;0.001463898
6100;195;0.001440604
6100;204;0.001500607
6100;167;0.00152857
6100;163;0.001410228
6100;205;0.001413904
6100;228;0.001499835
6100;208;0.001447798
6100;274;0.001457466
6100;173;0.001497752
6100;274;0.001727243
6100;217;0.001495197
6100;234;0.001484257
6100;267;0.001503824
6100;174;0.00145933
6100;276;0.001458939
6100;252;0.001448409
6100;205;0.001442959
6100;272;0.001523049
6100;209;0.001476452
6100;243;0.002300639
6100;204;0.001520013
6100;267;0.001526716
6100;209;0.001446837
6100;209;0.001461654
6100;192;0.001529361
6100;198;0.001493634
6100;197;0.001456144
6100;194;0.001477203
6100;250;0.001439422
6100;170;0.001473677
6100;177;0.001482764
6100;191;0.001497231
6100;232;0.001465441
6100;217;0.001467916
6100;203;0.001450574
6100;208;0.001467495
6100;176;0.001500097
6100;188;0.001527678
6100;214;0.001438792
6100;190;0.001474849
6100;189;0.00145436
6100;245;0.001461403
6100;242;0.001469549
6100;190;0.001501228
6100;191;0.001442168
6100;203;0.00144359
6100;194;0.001452497
6100;244;0.001504855
6100;214;0.001442549
6100;194;0.001452747
6100;195;0.001535423
6100;213;0.00151272
6100;205;0.001455262
6100;203;0.001458488
6100;213;0.001450504
6100;195;0.001438501
6100;232;0.001570719
6100;168;0.001484337
6100;224;0.001455092
6100;179;0.001477564
6100;190;0.001496891
6100;212;0.001566851
6100;253;0.001451034
6100;263;0.001470691
6100;167;0.001585827
6100;226;0.001473302
6100;204;0.001487012
6100;201;0.001489526
6100;211;0.001473437
6100;239;0.001469569
6100;176;0.001461905
6100;148;0.001571631
6100;224;0.001477434
6100;214;0.001461664
6100;157;0.001465061
6100;205;0.001498844
6100;213;0.001510326
6100;206;0.001454501
6100;192;0.001482714
6100;184;0.001473136
6100;222;0.001460302
6100;195;0.00146516
6100;195;0.001500978
6100;156;0.001467886
6100;195;0.001525624
6100;196;0.001506429
6100;216;0.001545466
6100;225;0.001455934
6100;199;0.001444362
6100;252;0.001453389
6100;206;0.001452076
6100;190;0.001492902
6100;184;0.001446065
6100;147;0.001464289
6100;155;0.001468097
6100;195;0.001563525
6100;253;0.001559609
6100;207;0.001505106
6100;216;0.001461624
6100;223;0.001447147
6100;207;0.001472344
6100;196;0.001457055
6100;196;0.001443711
6100;175;0.001482143
6100;230;0.001493784
6100;253;0.001495016
6100;173;0.001450142
6100;215;0.001452568
6100;191;0.001448329
6100;185;0.001498373
6100;176;0.001468878
6100;216;0.001455433
6100;248;0.001457086
6100;198;0.001460131
6100;201;0.001467045
6100;200;0.001493444
6100;168;0.001590456
6100;175;0.001524833
6100;168;0.001452938
6100;247;0.001484818
6100;213;0.001441467
6100;205;0.001515606
6100;207;0.001450654
6100;232;0.0014754
6100;187;0.001473396
6100;195;0.001496229
6100;200;0.00152848
6100;188;0.001504254
6100;204;0.001440635
6100;185;0.001460983
6100;232;0.00149617
6100;190;0.001461333
6100;227;0.001508832
6100;177;0.001460442
6100;140;0.001462536
6100;200;0.001514754
6100;140;0.001504936
6100;235;0.001448429
6100;191;0.001474429
6100;192;0.001460602
6100;227;0.001447768
6100;232;0.002072527
6100;195;0.001767168
6100;208;0.001525885
6100;232;0.001461885
6100;199;0.001529392
6100;190;0.001488424
6100;158;0.001453999
6100;211;0.001436437
6100;212;0.001471292
6100;223;0.001440244
6100;199;0.001548187
6100;147;0.001508803
6100;240;0.001629389
6100;160;0.001483505
6100;198;0.001541003
6100;218;0.001464539
6100;138;0.001447117
6100;160;0.001461444
6100;174;0.001624205
6100;238;0.001499455
6100;202;0.001530964
6100;162;0.001564798
6100;179;0.001466744
6100;220;0.001486211
6100;182;0.001462606
6100;182;0.00147014
6100;210;0.001466975
6100;166;0.001487833
6100;201;0.001466634
6100;239;0.001594153
6100;181;0.001611275
6100;207;0.001559498
6100;173;0.001460983
6100;168;0.001467124
6100;205;0.001492202
6100;189;0.001480951
6100;235;0.001489907
6100;205;0.001474028
6100;236;0.001610934
6100;145;0.001494767
6100;228;0.001712084
6100;185;0.00152289
6100;253;0.001463818
6100;220;0.001497612
6100;154;0.001520074
6100;214;0.001473356
6100;155;0.001523971
6100;229;0.00144861
6100;220;0.001468948
6100;215;0.001452347
6100;178;0.001463898
6100;241;0.001457307
6100;217;0.001515866
6100;219;0.001538198
6100;222;0.001490438
6100;221;0.001513672
6100;239;0.001504434
6100;207;0.001443119
6100;245;0.00146482
6100;263;0.001460022
6100;170;0.001453709
6100;215;0.001527448
6100;194;0.001558186
6100;232;0.001454981
6100;267;0.001451605
6100;209;0.001455152
6100;192;0.001488966
6100;212;0.001440084
6100;160;0.001498253
6100;230;0.001455893
6100;204;0.001549259
6100;174;0.001540603
6100;241;0.001461434
6100;212;0.001463357
6100;210;0.001624396
6100;242;0.001495547
6100;227;0.001467074
6100;236;0.001460452
6100;219;0.001502541
6100;191;0.001526376
6100;213;0.001460713
6100;214;0.001470621
6100;223;0.001441737
6100;244;0.001497051
6100;207;0.001541675
6100;251;0.001915317
6100;199;0.001798851
6100;193;0.001516658
6100;200;0.001487603
6100;234;0.001481812
6100;215;0.001461825
6100;215;0.001590957
6100;207;0.001468156
6100;209;0.001462787
6100;209;0.00148594
6100;207;0.002309586
6100;210;0.001605865
6100;216;0.001536474
6100;195;0.001474599
6100;235;0.001479388
6100;239;0.001535082
6100;154;0.001508562
6100;196;0.001492191
6100;253;0.001619812
6100;167;0.002189721
6100;249;0.001501118
6100;267;0.001484036
6100;216;0.001444953
6100;206;0.001458078
6100;161;0.001482122
6100;261;0.001492352
6100;204;0.001479538
6100;203;0.001483396
6100;181;0.00144901
6100;231;0.001458609
6100;219;0.001478305
6100;175;0.001479257
6100;210;0.001476472
6100;197;0.001444322
6100;229;0.001481171
6100;211;0.001489346
6100;216;0.001501019
6100;245;0.001444923
6100;203;0.001533749
6100;203;0.001461454
6100;208;0.001454221
6100;203;0.001484046
6100;206;0.001460833
6100;174;0.001449161
6100;200;0.001498624
6100;202;0.002316589
6100;205;0.001639718
6100;200;0.001500047
6100;238;0.001472404
6100;246;0.001472795
6100;202;0.001541073
6100;247;0.001473316
6100;202;0.001450734
6100;174;0.001504786
6100;201;0.00154708
6100;253;0.001483556
6100;208;0.001487112
6100;209;0.001483435
6100;250;0.00148589
6100;167;0.001613159
6100;164;0.001516417
6100;211;0.001484728
6100;249;0.001468217
6100;151;0.001501228
6100;171;0.001426008
6100;236;0.001517138
6100;201;0.001527218
6100;265;0.00148073
6100;222;0.001472054
6100;203;0.001471262
6100;195;0.001483736
6100;217;0.001461815
6100;198;0.00146454
6100;202;0.00148103
6100;161;0.001472204
6100;195;0.002202886
6100;194;0.001482323
6100;181;0.001824981
6100;197;0.00182938
6100;192;0.001521486
6100;223;0.001563315
6100;203;0.001469669
6100;255;0.001499455
6100;191;0.001476122
6100;216;0.001493614
6100;183;0.00147549
6100;147;0.00145444
6100;185;0.001459771
6100;176;0.001490058
6100;229;0.001478897
6100;225;0.001458608
6100;215;0.001477154
6100;234;0.001522909
6100;203;0.0014538
6100;157;0.001465682
6100;203;0.001446836
6100;189;0.001468147
6100;185;0.001452227
6100;182;0.00155527
6100;201;0.001462355
6100;200;0.001451395
6100;217;0.001441366
6100;235;0.001549309
6100;217;0.001452357
6100;166;0.001482383
6100;197;0.001513412
6100;238;0.001484357
6100;221;0.001444973
6100;250;0.001466083
6100;199;0.001515615
6100;198;0.00154444
6100;240;0.002457414
6100;215;0.001500287
6100;260;0.001506218
6100;230;0.001478446
6100;160;0.001468417
6100;206;0.001445263
6100;233;0.001479758
6100;194;0.001453349
6100;210;0.001476462
6100;144;0.001452707
6100;224;0.00259959
6100;212;0.001716603
6100;210;0.001486341
6100;192;0.001444432
6100;213;0.001461384
6100;201;0.001509685
6100;189;0.001473396
6100;199;0.001518922
6100;195;0.001458298
6100;218;0.001441276
6100;221;0.001498063
6100;200;0.001511959
6100;201;0.001456124
6100;217;0.001468707
6100;199;0.001522869
6100;149;0.001481602
6100;168;0.001473166
6100;231;0.001562584
6100;210;0.001510767
6100;167;0.001504424
6100;200;0.001445614
6100;161;0.001465862
6100;248;0.001461173
6100;151;0.001442529
6100;235;0.001476201
6100;189;0.00144877
6100;247;0.001547385
6100;162;0.001461935
6100;226;0.001489837
6100;208;0.001476643
6100;213;0.001488094
6100;209;0.001449722
6100;191;0.001487472
6100;199;0.001450273
6100;226;0.001453929
6100;260;0.001465902
6100;218;0.001565996
6100;211;0.001557023
6100;164;0.001503924
6100;216;0.001464129
6100;225;0.001473176
6100;210;0.001457877
6100;216;0.001477965
6100;210;0.001455874
6600;171;0.001743273
6600;141;0.001574957
6600;177;0.001595526
6600;170;0.001823384
6600;142;0.002000946
6600;221;0.001799473
6600;192;0.001792014
6600;131;0.001578153
6600;187;0.001571331
6600;167;0.001570188
6600;179;0.001581499
6600;169;0.001940132
6600;220;0.001827131
6600;176;0.001635691
6600;199;0.001608791
6600;165;0.002076333
6600;176;0.001875647
6600;173;0.001660587
6600;174;0.001761778
6600;192;0.002051101
6600;180;0.001558476
6600;212;0.00162479
6600;143;0.001610974
6600;152;0.001571982
6600;177;0.001841087
6600;178;0.001577902
6600;154;0.001787286
6600;167;0.001902352
6600;168;0.001586659
6600;183;0.001631904
6600;128;0.001642374
6600;172;0.00161379
6600;171;0.001648746
6600;183;0.001532166
6600;150;0.001788648
6600;156;0.001546634
6600;132;0.001623828
6600;186;0.001556612
6600;177;0.00157118
6600;223;0.001568475
6600;181;0.001653681
6600;174;0.001599994
6600;182;0.001746309
6600;207;0.001587711
6600;182;0.00157637
6600;205;0.001651871
6600;177;0.001562854
6600;196;0.001564557
6600;167;0.001553928
6600;170;0.001593863
6600;144;0.002857674
6600;173;0.002260801
6600;127;0.001653033
6600;173;0.001556793
6600;204;0.001611857
6600;222;0.001546063
6600;184;0.001608209
6600;213;0.001654176
6600;202;0.001719348
6600;185;0.001652869
6600;184;0.001645389
6600;167;0.001578544
6600;148;0.001577802
6600;168;0.001575798
6600;183;0.001539861
6600;188;0.00155511
6600;205;0.001660016
6600;201;0.00271223
6600;198;0.00195301
6600;185;0.001586228
6600;153;0.001546203
6600;217;0.001567663
6600;177;0.001545191
6600;190;0.001811831
6600;220;0.00156036
6600;200;0.00156593
6600;169;0.001690315
6600;206;0.001612537
6600;184;0.001562333
6600;132;0.001593572
6600;175;0.001546283
6600;174;0.00160883
6600;169;0.001618148
6600;173;0.00154481
6600;168;0.001569577
6600;180;0.001570088
6600;161;0.001701214
6600;155;0.001660327
6600;162;0.001558596
6600;173;0.001552254
6600;195;0.001656229
6600;143;0.001652723
6600;143;0.001617717
6600;189;0.001716117
6600;204;0.00161903
6600;200;0.001567292
6600;144;0.001936035
6600;168;0.001669865
6600;170;0.001564888
6600;210;0.001602519
6600;213;0.001606717
6600;197;0.001761427
6600;175;0.001622156
6600;181;0.00157657
6600;180;0.001733234
6600;213;0.0017793
6600;180;0.001659115
6600;172;0.001553427
6600;186;0.001582641
6600;186;0.001548817
6600;190;0.001560299
6600;175;0.001730259
6600;188;0.001841307
6600;185;0.002116063
6600;186;0.002101736
6600;130;0.001552926
6600;166;0.001585797
6600;171;0.001577372
6600;175;0.001575127
6600;159;0.001718347
6600;149;0.001858068
6600;202;0.00162957
6600;230;0.001958728
6600;174;0.001608951
6600;126;0.001551934
6600;174;0.001580537
6600;206;0.001617317
6600;179;0.001708928
6600;170;0.001564006
6600;177;0.001545201
6600;222;0.001566561
6600;178;0.002360723
6600;183;0.001731811
6600;173;0.001575538
6600;200;0.001649548
6600;199;0.00177934
6600;177;0.001625562
6600;197;0.001546924
6600;167;0.001541364
6600;168;0.001570829
6600;185;0.001585697
6600;158;0.001708888
6600;185;0.00163518
6600;180;0.001730308
6600;142;0.001542607
6600;183;0.001618438
6600;165;0.001548818
6600;174;0.00157696
6600;175;0.001583303
6600;175;0.001564588
6600;210;0.00166709
6600;162;0.001584555
6600;211;0.001667661
6600;169;0.001669625
6600;180;0.001543969
6600;216;0.001558186
6600;194;0.001646487
6600;185;0.001706484
6600;213;0.001623929
6600;172;0.001596467
6600;156;0.001578794
6600;143;0.001630611
6600;191;0.001558065
6600;179;0.001618509
6600;186;0.001588904
6600;192;0.001540953
6600;145;0.0018224
6600;168;0.002251323
6600;133;0.00180537
6600;177;0.001745968
6600;188;0.001558005
6600;191;0.00158258
6600;167;0.001559468
6600;194;0.001554699
6600;188;0.001579816
6600;168;0.001562654
6600;139;0.001610905
6600;140;0.001712305
6600;184;0.001564287
6600;178;0.001594393
6600;151;0.002643628
6600;165;0.001980664
6600;178;0.001616295
6600;224;0.001561472
6600;218;0.001578033
6600;189;0.001641772
6600;160;0.001599162
6600;217;0.001588423
6600;182;0.001541213
6600;132;0.00181303
6600;173;0.001972002
6600;173;0.002008224
6600;173;0.00163497
6600;130;0.001646621
6600;150;0.00159779
6600;223;0.001578564
6600;185;0.001569476
6600;141;0.001628358
6600;168;0.00167736
6600;189;0.001593612
6600;183;0.00156593
6600;160;0.001638286
6600;191;0.001707486
6600;219;0.0016138
6600;183;0.001556472
6600;188;0.001554558
6600;171;0.001567113
6600;184;0.001596317
6600;182;0.001653835
6600;151;0.001700443
6600;187;0.001620933
6600;171;0.001604232
6600;200;0.001633677
6600;186;0.001564618
6600;223;0.001692147
6600;224;0.002038988
6600;162;0.001573023
6600;175;0.001584484
6600;207;0.001583503
6600;174;0.001577201
6600;185;0.001569457
6600;189;0.001551553
6600;181;0.001650028
6600;215;0.00186989
6600;206;0.001636022
6600;182;0.001626995
6600;173;0.001545983
6600;206;0.001565309
6600;164;0.001573103
6600;207;0.001561682
6600;176;0.001616765
6600;199;0.001921969
6600;212;0.001558356
6600;201;0.001586869
6600;179;0.001595285
6600;179;0.001567323
6600;175;0.001612518
6600;175;0.00156052
6600;155;0.00156602
6600;156;0.001658524
6600;186;0.002063765
6600;148;0.001602789
6600;181;0.001612337
6600;168;0.002528747
6600;148;0.001687057
6600;193;0.00157116
6600;139;0.001665587
6600;164;0.001711172
6600;138;0.001618629
6600;183;0.001563395
6600;208;0.00159282
6600;181;0.001519333
6600;180;0.001607167
6600;178;0.00162432
6600;150;0.001568885
6600;182;0.001828724
6600;170;0.001575959
6600;178;0.001579014
6600;146;0.001550732
6600;235;0.001617607
6600;225;0.00154446
6600;131;0.001560961
6600;196;0.00160343
6600;227;0.001701485
6600;169;0.00176803
6600;132;0.001564467
6600;178;0.001652633
6600;182;0.001559037
6600;187;0.001546714
6600;222;0.001580898
6600;180;0.001640911
6600;135;0.001791043
6600;147;0.001629209
6600;186;0.001737843
6600;206;0.001619971
6600;210;0.001556092
6600;178;0.001556472
6600;225;0.001582521
6600;172;0.001553567
6600;197;0.001552414
6600;182;0.00158198
6600;203;0.001824606
6600;192;0.001718366
6600;226;0.001609802
6600;203;0.001559999
6600;207;0.001557194
6600;198;0.001538298
6600;180;0.001574326
6600;167;0.001546303
6600;151;0.00162445
6600;214;0.00201865
6600;176;0.001581138
6600;192;0.00154442
6600;175;0.001577522
6600;226;0.001540983
6600;204;0.001545151
6600;131;0.001565689
6600;170;0.001584706
6600;147;0.001667611
6600;208;0.001559408
6600;152;0.002377795
6600;171;0.001619921
6600;126;0.001569086
6600;173;0.001763351
6600;153;0.001660166
6600;133;0.001627987
6600;182;0.001638737
6600;176;0.001829325
6600;223;0.001593982
6600;177;0.001593742
6600;177;0.001630141
6600;197;0.001572502
6600;220;0.00158722
6600;183;0.00252973
6600;173;0.001757009
6600;200;0.001839865
6600;192;0.001616635
6600;181;0.001614141
6600;174;0.001547405
6600;157;0.001573745
6600;175;0.001575187
6600;207;0.001574676
6600;179;0.002123086
6600;167;0.00201359
6600;204;0.00159207
6600;176;0.001565669
6600;184;0.001574416
6600;169;0.001582531
6600;183;0.001609762
6600;216;0.001618057
6600;198;0.001658073
6600;206;0.001620112
6600;187;0.001611245
6600;180;0.001668753
6600;143;0.001588783
6600;182;0.001547806
6600;131;0.001558185
6600;145;0.001560129
6600;184;0.001945013
6600;175;0.001878054
6600;136;0.001657602
6600;196;0.001663393
6600;184;0.001562514
6600;148;0.001585667
6600;195;0.001578814
6600;175;0.001559658
6600;160;0.001544249
6600;146;0.001635891
6600;196;0.00163493
6600;225;0.001833011
6600;212;0.001686005
6600;181;0.001560811
6600;179;0.001547605
6600;211;0.001572823
6600;187;0.001541394
6600;164;0.001558466
6600;212;0.001568435
6600;184;0.001686767
6600;178;0.001646301
6600;146;0.001554058
6600;173;0.002164934
6600;156;0.001602418
6600;183;0.002129489
6600;172;0.001618959
6600;212;0.001570529
6600;181;0.001600886
6600;171;0.001541364
6600;175;0.001769893
6600;143;0.001579746
6600;201;0.001561892
6600;210;0.001592059
6600;163;0.001640014
6600;178;0.001617663
6600;174;0.001554839
6600;127;0.001549399
6600;210;0.001654917
6600;179;0.001612036
6600;206;0.00156609
6600;186;0.00160318
6600;124;0.001566842
6600;187;0.001562654
6600;175;0.001592881
6600;211;0.001607157
6600;178;0.001634619
6600;185;0.001767608
6600;173;0.001620993
6600;177;0.001544028
6600;185;0.001545261
6600;177;0.001559117
6600;176;0.001557344
6600;145;0.001673441
6600;168;0.001615202
6600;173;0.001541555
6600;128;0.001575938
6600;135;0.001764087
6600;172;0.001958777
6600;178;0.001616885
6600;164;0.001686713
6600;195;0.001592921
6600;171;0.001556883
6600;162;0.001572683
6600;164;0.001583693
6600;172;0.001761638
6600;183;0.001604833
6600;166;0.001644868
6600;178;0.001640885
6600;169;0.001653976
6600;142;0.001543638
6600;165;0.001631033
6600;196;0.001544229
6600;184;0.001616615
6600;128;0.001721803
6600;215;0.001556302
6600;191;0.001627535
6600;197;0.001594664
6600;181;0.001627716
6600;143;0.001568845
6600;167;0.001552786
6600;173;0.001561051
6600;225;0.001692578
6600;151;0.001668011
6600;181;0.001656541
6600;175;0.001670516
6600;164;0.001569076
6600;168;0.001553918
6600;172;0.001679934
6600;207;0.001557374
6600;218;0.001546844
6600;129;0.001566511
6600;176;0.001586619
6600;171;0.00197343
6600;182;0.001671909
6600;126;0.001596046
6600;180;0.001545151
6600;171;0.001614852
6600;180;0.001545061
6600;140;0.001567082
6600;179;0.001662691
6600;182;0.001607559
6600;192;0.001832244
6600;169;0.002045181
6600;167;0.001615924
6600;134;0.001545061
6600;189;0.001630251
6600;189;0.001552385
6600;172;0.001762749
6600;192;0.001697246
6600;208;0.001548938
6600;123;0.001570137
6600;152;0.002012312
6600;196;0.001636623
6600;205;0.001579836
6600;170;0.001630792
6600;173;0.001787336
6600;200;0.001636182
6600;156;0.001605083
6600;193;0.001604062
6600;173;0.001540933
6600;180;0.001564818
6600;143;0.001559609
6600;217;0.001553947
6600;175;0.001790151
6600;171;0.001607378
6600;180;0.001646466
6600;130;0.00159286
6600;178;0.001569457
6600;169;0.001564187
6600;169;0.001548908
6600;196;0.001627866
6600;168;0.001684743
6600;177;0.001605364
6600;224;0.00157115
6600;175;0.001577702
6600;181;0.002356294
6600;170;0.00197586
6600;167;0.001567763
6600;189;0.00158179
6600;180;0.001679674
6600;177;0.001567002
6600;177;0.001558146
6600;146;0.001662191
6600;205;0.001551173
6600;197;0.001557524
6600;169;0.002275286
6600;172;0.001735108
6600;220;0.002063279
6600;195;0.0016195
6600;157;0.00153976
6600;226;0.001553586
6600;136;0.001540031
6600;180;0.001559288
6600;216;0.001696735
6600;162;0.002170765
6600;167;0.001962254
6600;192;0.001546574
6600;205;0.001604482
6600;137;0.001550692
6600;150;0.001575668
6600;166;0.001559408
6600;168;0.001626314
6600;148;0.001639598
6600;144;0.001556322
6600;173;0.001569878
6600;216;0.001543658
6600;166;0.001628448
6600;183;0.001572963
6600;169;0.001535924
6600;200;0.001586409
6600;170;0.001766868
6600;219;0.001569577
6600;189;0.001660828
6600;218;0.001623759
6600;186;0.001563966
6600;133;0.001508863
6600;182;0.001554399
6600;188;0.002167203
6600;204;0.002017628
6600;129;0.001600651
6600;196;0.001559318
6600;181;0.001545832
6600;146;0.001618689
6600;144;0.001567163
6600;163;0.001591428
6600;181;0.001694281
6600;133;0.001552816
6600;182;0.001578383
6600;179;0.001604332
6600;184;0.001546703
6600;153;0.001557975
6600;195;0.001577732
6600;211;0.001606927
6600;192;0.001653916
6600;177;0.00162474
6600;176;0.001637173
6600;180;0.001573154
6600;180;0.001712786
6600;159;0.001558636
6600;199;0.001566801
6600;190;0.001562444
6600;209;0.001783358
6600;170;0.002198658
6600;175;0.001655688
6600;132;0.001578724
6600;182;0.001551332
6600;201;0.00171522
6600;227;0.001696464
6600;194;0.001599484
6600;199;0.00159798
6600;173;0.002082049
6600;175;0.002126092
6600;197;0.001738163
6600;184;0.002011606
6600;175;0.00215723
6600;182;0.00534927
6600;213;0.005290802
6600;177;0.002103039
6600;144;0.002221631
6600;190;0.005205112
6600;194;0.001933092
6600;196;0.001962357
6600;178;0.001877576
6600;156;0.001663433
6600;179;0.001548728
6600;187;0.001685535
6600;198;0.002246874
6600;152;0.002181886
6600;184;0.002265784
6600;174;0.001892794
6600;184;0.001586449
6600;146;0.001570689
6600;167;0.002440733
6600;193;0.001922279
6600;162;0.001660327
6600;194;0.002124082
6600;202;0.00259953
6600;179;0.003032946
6600;203;0.002050129
6600;203;0.001712485
6600;130;0.001784781
6600;169;0.003081088
6600;187;0.002018309
6600;174;0.001625452
6600;204;0.001672992
6600;171;0.001775734
6600;195;0.001745858
6600;171;0.003003965
6600;136;0.004700416
6600;212;0.002148474
6600;156;0.001808104
6600;136;0.001931757
6600;164;0.002176656
6600;195;0.002335665
6600;227;0.002116995
6600;180;0.002089724
6600;176;0.001823073
6600;175;0.001748914
6600;174;0.001678962
6600;169;0.003651711
6600;184;0.002434892
6600;165;0.001951033
6600;171;0.003407638
6600;180;0.002194841
6600;156;0.001607237
6600;178;0.001675325
6600;173;0.001930655
6600;167;0.002069686
6600;168;0.002105994
6600;186;0.002264321
6600;164;0.002202205
6600;178;0.00207197
6600;172;0.001999474
6600;209;0.002334501
6600;214;0.002959964
6600;200;0.001649818
6600;154;0.001708287
6600;206;0.001739827
6600;144;0.001606667
6600;178;0.001703808
6600;184;0.002181225
6600;176;0.002133195
6600;128;0.001941865
6600;152;0.002164083
6600;188;0.00215185
6600;180;0.00216804
6600;167;0.001975755
6600;207;0.001648395
6600;142;0.001586038
6600;144;0.001631253
6600;179;0.001629088
6600;184;0.001566091
6600;174;0.001638607
6600;192;0.001763327
6600;182;0.001777497
6600;182;0.001736471
6600;195;0.001637144
6600;197;0.001587871
6600;124;0.001584415
6600;167;0.001602709
6600;189;0.001559458
6600;196;0.001589404
6600;175;0.001648616
6600;177;0.001942958
6600;179;0.001856916
6600;174;0.001685835
6600;174;0.001590476
6600;187;0.00160822
6600;214;0.001581329
6600;186;0.001551924
6600;145;0.001659335
6600;183;0.001670085
6600;175;0.001588112
6600;178;0.001676899
6600;172;0.001728154
6600;187;0.001562774
6600;127;0.001606776
6600;190;0.001562794
6600;174;0.001634098
6600;147;0.001796373
6600;189;0.001655157
6600;192;0.001579164
6600;177;0.002439059
6600;175;0.0021573
6600;170;0.001897182
6600;178;0.001577552
6600;146;0.001568384
6600;186;0.001602919
6600;177;0.00162938
6600;173;0.001606526
6600;177;0.001610103
6600;173;0.00316172
6600;169;0.002828203
6600;175;0.002079103
6600;171;0.001934882
6600;176;0.002111734
6600;183;0.002321356
6600;157;0.002145628
6600;190;0.002228845
6600;212;0.002765462
6600;181;0.001775042
6600;196;0.001856024
6600;167;0.001973134
6600;186;0.002180184
6600;162;0.002821508
6600;190;0.001761226
6600;193;0.00172573
6600;206;0.001618298
6600;159;0.00163498
6600;175;0.001686256
6600;185;0.002090085
6600;183;0.001903374
6600;159;0.001614441
6600;190;0.001769152
6600;160;0.001898134
6600;173;0.001628768
6600;137;0.002537585
6600;165;0.001713237
6600;173;0.001613048
6600;171;0.001622176
6600;172;0.001623969
6600;166;0.001891041
6600;199;0.001558116
6600;177;0.001562714
6600;122;0.001607408
6600;163;0.001622376
6600;150;0.001594614
6600;210;0.001575218
6600;181;0.001662
6600;170;0.001991749
6600;170;0.001617988
6600;164;0.001525955
6600;174;0.001561943
6600;162;0.001568094
6600;165;0.001567022
6600;191;0.001777567
6600;175;0.001884288
6600;161;0.001746409
6600;179;0.001734477
6600;199;0.001605865
6600;183;0.001564918
6600;167;0.001594935
6600;176;0.001839684
6600;192;0.0016299
6600;221;0.001611826
6600;187;0.001872396
6600;163;0.001805359
6600;184;0.001731301
6600;182;0.001649878
6600;191;0.001625662
6600;187;0.001609522
6600;186;0.001558557
6600;155;0.001588472
6600;196;0.001951734
6600;186;0.002213185
6600;187;0.002164513
6600;190;0.001681276
6600;194;0.001691776
6600;184;0.001557083
6600;174;0.001567563
6600;210;0.001739766
6600;141;0.001722834
6600;152;0.001590105
6600;184;0.001607007
6600;133;0.001558536
6600;157;0.001712175
6600;186;0.001676336
6600;183;0.001583883
6600;187;0.001661019
6600;175;0.001878487
6600;184;0.002208426
6600;177;0.001644468
6600;157;0.00231663
6600;220;0.001627947
6600;145;0.001644507
6600;140;0.001625842
6600;176;0.001712009
6600;178;0.001565609
6600;176;0.001570439
6600;182;0.001585246
6600;192;0.001838873
6600;219;0.001620272
6600;193;0.0015659
6600;166;0.001563937
6600;172;0.001636993
6600;163;0.001555902
6600;132;0.002470784
6600;192;0.001797695
6600;224;0.001694201
6600;179;0.001553326
6600;150;0.001569717
6600;193;0.001545682
6600;211;0.001631243
6600;197;0.001690594
6600;186;0.001546744
6600;172;0.002022786
6600;132;0.002414024
6600;215;0.00236534
6600;165;0.001692809
6600;182;0.001579175
6600;187;0.001563595
6600;184;0.001602178
6600;136;0.001685355
6600;198;0.00160837
6600;166;0.001604202
6600;132;0.001961513
6600;163;0.001693389
6600;174;0.001687108
6600;144;0.001600505
6600;166;0.001788268
6600;185;0.001583513
6600;169;0.001570188
6600;174;0.001675045
6600;188;0.001900739
6600;187;0.001652813
6600;168;0.001533789
6600;205;0.001579215
6600;142;0.001565639
6600;129;0.00170958
6600;172;0.001735018
6600;145;0.001655758
6600;226;0.001769813
6600;216;0.001627396
6600;163;0.001568535
6600;184;0.001559278
6600;167;0.001666909
6600;167;0.001548067
6600;179;0.001660383
6600;196;0.001996703
6600;181;0.001979847
6600;133;0.001685044
6600;161;0.001605174
6600;187;0.001756487
6600;152;0.001557114
6600;179;0.001542506
6600;170;0.001982873
6600;197;0.001629209
6600;126;0.001560981
6600;175;0.001580527
6600;175;0.001584445
6600;176;0.001548938
6600;155;0.002430663
6600;178;0.001722424
6600;216;0.001787907
6600;181;0.001613009
6600;172;0.001592991
6600;160;0.00156057
6600;183;0.001572442
6600;176;0.001538729
6600;179;0.001553457
6600;219;0.00171476
6600;183;0.001717464
6600;144;0.002174934
6600;163;0.001971421
6600;197;0.001622476
6600;175;0.00156047
6600;200;0.001584014
6600;186;0.001577061
6600;171;0.001664876
6600;180;0.001694101
6600;179;0.001605284
6600;186;0.00156058
6600;171;0.001740057
6600;177;0.00262677
6600;177;0.001875614
6600;192;0.001716483
6600;173;0.002144224
6600;127;0.00161395
6600;178;0.001564287
6600;182;0.001586689
6600;168;0.001650509
6600;130;0.001948719
6600;166;0.002233974
6600;217;0.00181094
6600;172;0.001749785
6600;159;0.001636227
6600;185;0.001568084
6600;174;0.001589965
6600;145;0.001948127
6600;181;0.002223565
6600;169;0.002133015
6600;221;0.001561522
6600;188;0.001607188
6600;153;0.001766861
6600;194;0.002266111
6600;194;0.001838432
6600;183;0.001601136
6600;174;0.001579496
6600;201;0.00158754
6600;155;0.001559909
6600;181;0.001602559
6600;213;0.001607428
6600;143;0.001742993
6600;195;0.001540332
6600;156;0.00157121
6600;149;0.001570258
6600;177;0.001562404
6600;197;0.001655117
6600;135;0.001640761
6600;196;0.00156602
6600;173;0.001567844
6600;188;0.001580658
6600;225;0.001611586
6600;223;0.001557183
6600;127;0.00161954
6600;212;0.001692448
6600;191;0.001665146
6600;171;0.001541043
6600;196;0.001660929
6600;189;0.001604472
6600;171;0.001617437
6600;232;0.001652042
6600;129;0.001568905
6600;181;0.001609291
6600;169;0.001588833
6600;227;0.001566511
6600;202;0.001589043
6600;170;0.001557835
6600;167;0.001692147
6600;155;0.00155569
6600;152;0.001629019
6600;178;0.001544459
7100;138;0.001753202
7100;110;0.001678151
7100;144;0.001663663
7100;167;0.001691025
7100;154;0.001771526
7100;164;0.002238793
7100;134;0.001672379
7100;137;0.001649056
7100;149;0.001705542
7100;131;0.001684633
7100;149;0.001708568
7100;134;0.001661509
7100;138;0.001754894
7100;189;0.001713917
7100;149;0.001757169
7100;123;0.001721722
7100;141;0.001704992
7100;168;0.001676417
7100;163;0.001708959
7100;155;0.001675286
7100;150;0.001783408
7100;186;0.001935624
7100;141;0.001710031
7100;150;0.001730169
7100;189;0.001675816
7100;151;0.00166191
7100;158;0.001691886
7100;152;0.00173112
7100;128;0.001711734
7100;138;0.001674865
7100;163;0.00172573
7100;146;0.001644277
7100;177;0.001660447
7100;118;0.001702687
7100;137;0.00172039
7100;124;0.001629479
7100;134;0.001694952
7100;151;0.001672911
7100;160;0.001659516
7100;144;0.001669645
7100;157;0.001690684
7100;162;0.001622626
7100;186;0.001699782
7100;134;0.001683971
7100;143;0.001738144
7100;158;0.001693509
7100;156;0.00169408
7100;135;0.001674845
7100;172;0.001665898
7100;158;0.001657382
7100;134;0.001701184
7100;195;0.00164584
7100;139;0.001688009
7100;163;0.00166139
7100;139;0.001653033
7100;118;0.001653645
7100;133;0.001735809
7100;195;0.001659186
7100;133;0.001654616
7100;155;0.001699952
7100;122;0.001808385
7100;148;0.001819957
7100;142;0.00250886
7100;152;0.002293536
7100;132;0.002086648
7100;159;0.001897252
7100;136;0.001945253
7100;182;0.001948969
7100;144;0.004144667
7100;173;0.001994465
7100;140;0.002035842
7100;123;0.002287706
7100;138;0.001839073
7100;142;0.002094282
7100;151;0.00202395
7100;155;0.001884288
7100;182;0.001786334
7100;153;0.001654697
7100;184;0.001706995
7100;173;0.001729748
7100;144;0.001797925
7100;136;0.002320612
7100;153;0.002278127
7100;162;0.001778629
7100;134;0.001719318
7100;122;0.0017259
7100;145;0.001829976
7100;143;0.001879629
7100;178;0.00188542
7100;176;0.001822362
7100;146;0.001762098
7100;119;0.002009141
7100;173;0.002192772
7100;151;0.001753943
7100;171;0.001679042
7100;188;0.001711293
7100;163;0.001679313
7100;157;0.001699141
7100;160;0.001659666
7100;120;0.001700242
7100;167;0.0017783
7100;158;0.00171999
7100;143;0.001750726
7100;146;0.001724387
7100;146;0.00166727
7100;111;0.001660979
7100;109;0.001710812
7100;144;0.001636903
7100;134;0.001716403
7100;174;0.001775874
7100;111;0.001669284
7100;175;0.001654386
7100;178;0.001701284
7100;162;0.001682238
7100;156;0.001706854
7100;157;0.00193319
7100;188;0.001715781
7100;157;0.001727754
7100;136;0.001691606
7100;144;0.001696005
7100;169;0.001793828
7100;134;0.001661219
7100;145;0.001684583
7100;122;0.001682539
7100;147;0.001684523
7100;145;0.001732473
7100;154;0.001724949
7100;144;0.001688169
7100;178;0.001692218
7100;145;0.001618078
7100;148;0.001655598
7100;155;0.001682559
7100;139;0.001707495
7100;110;0.001758923
7100;160;0.001703538
7100;160;0.001658864
7100;134;0.00172568
7100;143;0.001653725
7100;154;0.001719439
7100;153;0.00168343
7100;145;0.001644337
7100;154;0.001808576
7100;109;0.001720239
7100;165;0.001679232
7100;153;0.001714419
7100;149;0.001700102
7100;152;0.001696636
7100;146;0.001652753
7100;145;0.001679694
7100;119;0.001711163
7100;119;0.001755366
7100;140;0.001674214
7100;144;0.001755937
7100;174;0.001738444
7100;118;0.001680966
7100;156;0.001707275
7100;185;0.001730519
7100;149;0.001693709
7100;140;0.001692838
7100;181;0.001695934
7100;132;0.001689903
7100;147;0.001666188
7100;177;0.001726711
7100;138;0.001746729
7100;143;0.001812133
7100;136;0.00167272
7100;140;0.00167222
7100;127;0.00166714
7100;155;0.001688761
7100;134;0.00166176
7100;186;0.001758261
7100;138;0.001749976
7100;145;0.001678832
7100;186;0.001797224
7100;161;0.001732417
7100;132;0.001708808
7100;193;0.001679383
7100;140;0.001718487
7100;164;0.001664224
7100;141;0.001724969
7100;166;0.001779131
7100;143;0.001666308
7100;160;0.001663163
7100;190;0.002397601
7100;188;0.001896962
7100;133;0.001857798
7100;154;0.001753822
7100;145;0.001689092
7100;147;0.001719128
7100;141;0.001676537
7100;157;0.001663132
7100;141;0.001731461
7100;180;0.002601424
7100;168;0.001884774
7100;180;0.001730344
7100;141;0.001681998
7100;181;0.001727313
7100;144;0.001678261
7100;185;0.001662601
7100;147;0.001653535
7100;150;0.001695714
7100;166;0.001719919
7100;142;0.00168299
7100;181;0.001727704
7100;184;0.001678842
7100;142;0.001678271
7100;151;0.001647574
7100;150;0.001663994
7100;134;0.001716022
7100;142;0.001668814
7100;147;0.001739606
7100;168;0.001671088
7100;168;0.001756247
7100;177;0.001692949
7100;141;0.002455651
7100;131;0.001899606
7100;116;0.001674394
7100;137;0.001686056
7100;137;0.001676718
7100;121;0.001642243
7100;181;0.001700423
7100;141;0.001705803
7100;159;0.001663062
7100;151;0.001818956
7100;137;0.001748543
7100;141;0.001676617
7100;150;0.001657331
7100;137;0.001668002
7100;138;0.001707346
7100;189;0.001733565
7100;142;0.001686847
7100;142;0.00167755
7100;138;0.00164604
7100;155;0.001816025
7100;149;0.00167219
7100;191;0.001708458
7100;115;0.001659876
7100;169;0.001685674
7100;160;0.00166721
7100;144;0.001647633
7100;178;0.001769703
7100;139;0.001749455
7100;114;0.001694792
7100;134;0.001688721
7100;144;0.001671819
7100;142;0.001663002
7100;110;0.001744696
7100;179;0.001667431
7100;105;0.001658333
7100;182;0.001738344
7100;170;0.001697057
7100;135;0.001670506
7100;146;0.001758197
7100;136;0.0017046
7100;158;0.001692708
7100;175;0.001709129
7100;172;0.001698739
7100;139;0.00164063
7100;143;0.00176264
7100;142;0.001672901
7100;153;0.00170998
7100;149;0.001664896
7100;151;0.001796068
7100;169;0.00170423
7100;156;0.001694291
7100;143;0.001708568
7100;149;0.001681407
7100;154;0.001668232
7100;166;0.001661279
7100;144;0.001682349
7100;159;0.001734367
7100;153;0.00172038
7100;137;0.001738183
7100;141;0.001766737
7100;163;0.00169406
7100;141;0.001708387
7100;132;0.001654957
7100;137;0.002620851
7100;165;0.001872134
7100;116;0.001745227
7100;121;0.001672039
7100;127;0.001719779
7100;146;0.001681737
7100;130;0.001662842
7100;155;0.001702487
7100;157;0.00168826
7100;133;0.002617564
7100;137;0.001857498
7100;136;0.001687929
7100;138;0.001750477
7100;150;0.00169369
7100;158;0.001675546
7100;99;0.001678331
7100;152;0.001675927
7100;156;0.00167271
7100;129;0.001846407
7100;129;0.001791984
7100;144;0.001660257
7100;162;0.001671138
7100;136;0.001664425
7100;142;0.002579343
7100;162;0.002088641
7100;146;0.002148503
7100;144;0.00207737
7100;165;0.002091717
7100;150;0.002206122
7100;133;0.002063414
7100;153;0.00205585
7100;176;0.002144276
7100;147;0.002090945
7100;167;0.002035491
7100;134;0.002062893
7100;160;0.002752837
7100;138;0.002245676
7100;160;0.002381496
7100;173;0.002210511
7100;184;0.002016015
7100;133;0.001830687
7100;143;0.001988474
7100;170;0.002072271
7100;137;0.002126382
7100;149;0.001995998
7100;138;0.00196543
7100;163;0.002014342
7100;141;0.001983785
7100;128;0.002396389
7100;173;0.002222453
7100;144;0.002862895
7100;141;0.002880067
7100;179;0.002792823
7100;172;0.001835887
7100;158;0.001808595
7100;146;0.001703268
7100;146;0.001700944
7100;173;0.001675155
7100;153;0.002769004
7100;145;0.001906951
7100;139;0.001688109
7100;141;0.001678051
7100;125;0.001719529
7100;153;0.001670587
7100;142;0.001659345
7100;144;0.001713077
7100;117;0.001780513
7100;148;0.001794379
7100;174;0.001719869
7100;136;0.001721392
7100;144;0.001769653
7100;161;0.001684833
7100;139;0.001674845
7100;137;0.001700823
7100;163;0.001767869
7100;170;0.00167279
7100;169;0.001783588
7100;159;0.001705002
7100;186;0.001711413
7100;147;0.001656009
7100;119;0.00167205
7100;175;0.001749234
7100;171;0.001739045
7100;141;0.001745517
7100;182;0.001739957
7100;143;0.001719909
7100;155;0.001684012
7100;156;0.00166721
7100;106;0.001759723
7100;136;0.0019221
7100;145;0.002462413
7100;134;0.001740968
7100;152;0.001685865
7100;146;0.001737272
7100;179;0.001697907
7100;152;0.001703247
7100;170;0.001689011
7100;113;0.001696555
7100;140;0.002740566
7100;139;0.001813104
7100;160;0.001676097
7100;122;0.001783679
7100;137;0.001713497
7100;171;0.001679393
7100;157;0.00166166
7100;131;0.001673923
7100;157;0.001737302
7100;155;0.001690133
7100;151;0.00167725
7100;144;0.001677149
7100;166;0.001710451
7100;138;0.001681708
7100;150;0.001735478
7100;127;0.001886532
7100;146;0.001698549
7100;142;0.001675596
7100;144;0.001653063
7100;145;0.001671849
7100;143;0.001834425
7100;143;0.001790441
7100;173;0.002025573
7100;184;0.00168333
7100;142;0.001680004
7100;139;0.001696035
7100;166;0.001691536
7100;138;0.001737061
7100;150;0.001676698
7100;142;0.001958437
7100;153;0.002328541
7100;168;0.002015694
7100;173;0.001802334
7100;144;0.001685184
7100;127;0.00168298
7100;185;0.0016831
7100;157;0.001706033
7100;183;0.001862828
7100;114;0.001712084
7100;123;0.001767839
7100;158;0.001671438
7100;118;0.001723135
7100;154;0.001627646
7100;147;0.001664385
7100;143;0.001767399
7100;168;0.001815002
7100;166;0.001752019
7100;141;0.00168841
7100;149;0.001678993
7100;135;0.00167818
7100;158;0.001662301
7100;148;0.001701594
7100;124;0.00188035
7100;154;0.001729252
7100;121;0.001679423
7100;141;0.001671609
7100;138;0.001748693
7100;153;0.00166163
7100;174;0.001715862
7100;192;0.001713206
7100;142;0.001650289
7100;130;0.001687047
7100;124;0.001661038
7100;141;0.001662411
7100;190;0.001751678
7100;178;0.001721432
7100;160;0.001689161
7100;185;0.001705883
7100;165;0.001678441
7100;154;0.001661629
7100;160;0.001710191
7100;168;0.001699511
7100;186;0.001717615
7100;176;0.001681618
7100;126;0.001732863
7100;133;0.001782186
7100;145;0.001668683
7100;143;0.001681446
7100;172;0.00172008
7100;167;0.001681186
7100;142;0.001782016
7100;140;0.001708197
7100;114;0.00174181
7100;157;0.001667912
7100;132;0.001684182
7100;140;0.001675596
7100;158;0.001658464
7100;150;0.001817833
7100;143;0.001891592
7100;137;0.001682369
7100;173;0.001654476
7100;135;0.001685114
7100;168;0.0016828
7100;120;0.001658023
7100;154;0.001771035
7100;178;0.00170444
7100;145;0.001759373
7100;139;0.001750777
7100;140;0.001691626
7100;132;0.001701655
7100;161;0.001699721
7100;112;0.001661399
7100;140;0.001670496
7100;128;0.001728034
7100;182;0.001661329
7100;177;0.002160206
7100;183;0.001747832
7100;144;0.0017202
7100;150;0.001684833
7100;185;0.001655669
7100;117;0.001671518
7100;139;0.001690324
7100;144;0.001728926
7100;121;0.001678542
7100;145;0.001750396
7100;145;0.001740879
7100;131;0.001674373
7100;146;0.001729797
7100;145;0.001674514
7100;145;0.00168293
7100;185;0.001716393
7100;152;0.001671148
7100;155;0.001665677
7100;142;0.001776105
7100;146;0.001775433
7100;155;0.001686407
7100;135;0.001654416
7100;113;0.001711493
7100;162;0.001718055
7100;102;0.001714149
7100;148;0.001659405
7100;159;0.001678301
7100;168;0.001675365
7100;140;0.001814878
7100;143;0.001706574
7100;151;0.001780503
7100;133;0.001730809
7100;156;0.002575375
7100;150;0.00184866
7100;139;0.001733194
7100;153;0.001656771
7100;124;0.001728525
7100;147;0.001683802
7100;143;0.001720751
7100;181;0.001682419
7100;136;0.002255852
7100;176;0.002121657
7100;121;0.001710101
7100;108;0.00167254
7100;154;0.001695043
7100;154;0.001653484
7100;160;0.001733084
7100;126;0.001759653
7100;188;0.001631033
7100;155;0.001826108
7100;145;0.001671128
7100;146;0.001710241
7100;135;0.001681387
7100;132;0.001688671
7100;128;0.001690924
7100;172;0.001674714
7100;148;0.001670807
7100;139;0.00169899
7100;161;0.001784636
7100;139;0.001801963
7100;119;0.001719559
7100;153;0.001703017
7100;146;0.001653875
7100;138;0.001726652
7100;156;0.001809888
7100;139;0.001687679
7100;152;0.001671658
7100;113;0.001671519
7100;174;0.001713817
7100;137;0.001668472
7100;155;0.001681387
7100;171;0.002078319
7100;159;0.002699361
7100;125;0.001841558
7100;163;0.001674654
7100;160;0.001722604
7100;159;0.001722814
7100;167;0.001669765
7100;156;0.0016934
7100;152;0.001696205
7100;142;0.001761507
7100;142;0.001772498
7100;146;0.001681287
7100;168;0.001711253
7100;139;0.001659095
7100;139;0.001717715
7100;148;0.001701845
7100;165;0.001726001
7100;139;0.001663183
7100;165;0.002786402
7100;135;0.001872045
7100;158;0.001696114
7100;107;0.001742501
7100;141;0.001674584
7100;135;0.001670937
7100;143;0.001666719
7100;143;0.001727053
7100;153;0.001693048
7100;170;0.001663603
7100;156;0.001706835
7100;181;0.001708898
7100;122;0.001663173
7100;145;0.001701044
7100;113;0.001686847
7100;130;0.001659225
7100;125;0.00170467
7100;137;0.001666219
7100;117;0.001823804
7100;149;0.001713347
7100;157;0.001668042
7100;128;0.001676938
7100;156;0.001673421
7100;135;0.001661078
7100;156;0.001681257
7100;140;0.001689512
7100;143;0.001697127
7100;161;0.001712545
7100;114;0.001654857
7100;128;0.00168263
7100;151;0.001716412
7100;130;0.001710571
7100;139;0.001701584
7100;149;0.001727915
7100;137;0.001704861
7100;118;0.001739526
7100;150;0.001694211
7100;143;0.001813284
7100;140;0.001689903
7100;138;0.001687879
7100;157;0.001692288
7100;139;0.001687117
7100;184;0.001677559
7100;208;0.001718607
7100;153;0.001681006
7100;191;0.001696365
7100;124;0.001766752
7100;176;0.001730429
7100;138;0.001671177
7100;135;0.00168879
7100;145;0.001667251
7100;138;0.001678661
7100;164;0.00167807
7100;146;0.00169353
7100;182;0.001678852
7100;167;0.001649347
7100;172;0.002693548
7100;141;0.001806407
7100;209;0.001749935
7100;137;0.001630542
7100;156;0.001695293
7100;154;0.001813895
7100;129;0.001684954
7100;158;0.001653324
7100;116;0.001776836
7100;155;0.001706735
7100;128;0.001672119
7100;136;0.001781394
7100;140;0.001688129
7100;146;0.001679573
7100;163;0.001694802
7100;142;0.001675816
7100;177;0.001691466
7100;115;0.001660908
7100;146;0.001697787
7100;142;0.001671188
7100;135;0.001684132
7100;147;0.002488291
7100;173;0.001729487
7100;118;0.001662712
7100;155;0.001675556
7100;174;0.001765104
7100;134;0.001725369
7100;145;0.001675035
7100;177;0.001704219
7100;145;0.001770644
7100;166;0.001630451
7100;174;0.001729958
7100;103;0.001667781
7100;178;0.001647293
7100;176;0.001694271
7100;132;0.001951985
7100;196;0.00174709
7100;146;0.00169374
7100;146;0.001664555
7100;139;0.001723596
7100;150;0.001676308
7100;190;0.001658774
7100;152;0.002834573
7100;142;0.001858439
7100;148;0.001717815
7100;165;0.00168291
7100;203;0.00169906
7100;164;0.001663934
7100;171;0.001675436
7100;200;0.001689622
7100;174;0.001783398
7100;145;0.001790802
7100;136;0.001709649
7100;158;0.001660106
7100;150;0.001670255
7100;136;0.001671798
7100;185;0.001757951
7100;155;0.001665627
7100;148;0.001685494
7100;144;0.001687869
7100;152;0.001815068
7100;149;0.001665688
7100;181;0.001691566
7100;203;0.001702346
7100;151;0.001654316
7100;178;0.002139236
7100;166;0.002081789
7100;153;0.002044649
7100;147;0.002037886
7100;140;0.00199189
7100;148;0.002102337
7100;156;0.002082851
7100;174;0.002044418
7100;186;0.002112857
7100;144;0.00220551
7100;143;0.002010885
7100;181;0.001960591
7100;108;0.001923411
7100;147;0.002101816
7100;187;0.002103429
7100;155;0.002266846
7100;145;0.002248501
7100;147;0.00231963
7100;156;0.0021891
7100;181;0.002108869
7100;141;0.002134107
7100;149;0.002043527
7100;188;0.002307472
7100;174;0.001991419
7100;148;0.002140109
7100;164;0.002071038
7100;191;0.001698389
7100;114;0.001698799
7100;149;0.001692337
7100;153;0.001706093
7100;112;0.001869025
7100;149;0.001711804
7100;135;0.001750917
7100;152;0.001790742
7100;143;0.001882715
7100;142;0.001680605
7100;177;0.001747191
7100;141;0.001699851
7100;127;0.001712736
7100;177;0.001701535
7100;109;0.001763852
7100;126;0.001828262
7100;133;0.001671479
7100;124;0.001680966
7100;162;0.001792686
7100;116;0.001669715
7100;135;0.001654606
7100;128;0.001663152
7100;141;0.001748122
7100;133;0.00196535
7100;138;0.001668071
7100;144;0.001666949
7100;145;0.001718838
7100;135;0.001698278
7100;157;0.001666589
7100;131;0.001707987
7100;152;0.001750457
7100;135;0.001781695
7100;168;0.001701264
7100;166;0.001716353
7100;140;0.001875351
7100;152;0.001629099
7100;162;0.00174178
7100;126;0.001668934
7100;134;0.00167281
7100;149;0.001668392
7100;169;0.001722364
7100;131;0.001706504
7100;140;0.001695654
7100;140;0.001670577
7100;165;0.001702165
7100;140;0.001652041
7100;147;0.001676638
7100;159;0.001689122
7100;160;0.001665777
7100;186;0.001739937
7100;135;0.001688711
7100;187;0.001658835
7100;129;0.001712415
7100;106;0.001660808
7100;142;0.001762509
7100;170;0.001663893
7100;136;0.001658323
7100;181;0.001748974
7100;136;0.001654346
7100;135;0.002572981
7100;140;0.001767679
7100;139;0.001659165
7100;132;0.001689081
7100;147;0.001669785
7100;199;0.001786003
7100;176;0.001657351
7100;152;0.001750026
7100;152;0.001738644
7100;157;0.001664084
7100;159;0.001669655
7100;153;0.001707015
7100;139;0.001690714
7100;181;0.001678933
7100;150;0.001716713
7100;160;0.001659706
7100;188;0.001681337
7100;142;0.001755216
7100;196;0.001665086
7100;199;0.001682259
7100;193;0.001694461
7100;206;0.00169377
7100;171;0.001694071
7100;180;0.001696125
7100;168;0.001684142
7100;132;0.001652492
7100;156;0.00250846
7100;129;0.001935934
7100;142;0.001695013
7100;193;0.001771045
7100;162;0.001687578
7100;168;0.001717404
7100;119;0.001671849
7100;130;0.001680415
7100;172;0.001699781
7100;122;0.002662649
7100;148;0.001833011
7100;181;0.001751639
7100;151;0.001662401
7100;160;0.001711404
7100;115;0.001716102
7100;150;0.001657963
7100;162;0.001690774
7100;140;0.001804699
7100;185;0.00167756
7100;149;0.001681667
7100;158;0.00166174
7100;142;0.001684393
7100;113;0.001691916
7100;126;0.001695394
7100;159;0.001668492
7100;174;0.001699391
7100;137;0.001751318
7100;138;0.001681667
7100;139;0.001771416
7100;167;0.001676688
7100;153;0.001701505
7100;141;0.001712816
7100;152;0.001703368
7100;176;0.001703208
7100;167;0.001690885
7100;141;0.001655478
7100;136;0.001743994
7100;156;0.001660517
7100;154;0.001650359
7100;193;0.001770685
7100;155;0.001665397
7100;174;0.001788367
7100;151;0.001692117
7100;125;0.001753091
7100;141;0.001681426
7100;160;0.001670736
7100;122;0.001684273
7100;143;0.001750928
7100;177;0.001715781
7100;141;0.001780493
7100;138;0.001629619
7100;147;0.00167255
7100;133;0.001716453
7100;140;0.001612397
7100;113;0.001668443
7100;144;0.001671428
7100;174;0.001661339
7100;141;0.001769222
7100;158;0.001716493
7100;163;0.001662732
7100;158;0.001670066
7100;145;0.001782406
7100;159;0.001680235
7100;149;0.001649457
7100;143;0.001721823
7100;139;0.001668533
7100;139;0.001677599
7100;176;0.001770214
7100;160;0.001653374
7100;165;0.001946334
7100;148;0.00178936
7100;164;0.001651451
7100;143;0.001730018
7100;145;0.001676217
7100;135;0.002060158
7100;239;0.002131302
7100;153;0.001660798
7100;152;0.001726522
7100;159;0.00167782
7100;153;0.001744165
7100;147;0.001734897
7100;150;0.001834595
7100;160;0.001852107
7100;149;0.001716213
7100;145;0.001756417
7100;229;0.001800851
7100;143;0.001721552
7100;202;0.001665447
7100;139;0.001714679
7100;156;0.001794689
7100;165;0.001733755
7100;137;0.001696264
7100;157;0.001682139
7100;169;0.001745767
7100;146;0.00169416
7100;142;0.00168295
7100;156;0.001679944
7100;150;0.00198164
7100;154;0.001825277
7600;254;0.001985338
7600;166;0.00192258
7600;168;0.001942136
7600;225;0.001922029
7600;184;0.00209295
7600;168;0.001873247
7600;160;0.002710339
7600;169;0.002091055
7600;180;0.002010675
7600;230;0.002061069
7600;256;0.001929774
7600;168;0.001974056
7600;204;0.001938349
7600;214;0.001894997
7600;266;0.003028386
7600;171;0.001994234
7600;169;0.001964588
7600;224;0.001963667
7600;229;0.001928751
7600;196;0.001978244
7600;163;0.001904124
7600;165;0.001896991
7600;153;0.002003833
7600;167;0.001913432
7600;233;0.001974127
7600;172;0.001919123
7600;198;0.001907311
7600;170;0.001917661
7600;181;0.001887434
7600;159;0.001922379
7600;145;0.003412697
7600;182;0.002095625
7600;134;0.002686239
7600;184;0.002082014
7600;230;0.002138485
7600;145;0.002144757
7600;154;0.002185133
7600;215;0.002095604
7600;146;0.00209321
7600;172;0.002049138
7600;145;0.002095554
7600;145;0.002303555
7600;140;0.002195693
7600;148;0.002111214
7600;156;0.002107868
7600;165;0.002064866
7600;142;0.002163702
7600;212;0.002112246
7600;232;0.002213997
7600;142;0.002063434
7600;147;0.002147502
7600;146;0.002088982
7600;234;0.00204546
7600;157;0.002031023
7600;170;0.002542149
7600;192;0.002901287
7600;200;0.002724956
7600;160;0.002681925
7600;198;0.002854429
7600;161;0.002756686
7600;139;0.002509612
7600;156;0.002012839
7600;140;0.001932889
7600;157;0.001910367
7600;193;0.003202002
7600;166;0.002404194
7600;220;0.001968345
7600;141;0.001956954
7600;208;0.001953267
7600;229;0.001916128
7600;193;0.001933891
7600;163;0.002829266
7600;146;0.002867629
7600;142;0.002222833
7600;194;0.002083111
7600;147;0.001981279
7600;158;0.00190185
7600;218;0.002136021
7600;152;0.002190683
7600;171;0.002005345
7600;151;0.001914635
7600;161;0.001899556
7600;180;0.001950161
7600;136;0.001891201
7600;235;0.002094392
7600;195;0.001913663
7600;139;0.002253576
7600;153;0.002161864
7600;218;0.001931306
7600;144;0.001944932
7600;172;0.002145638
7600;197;0.001932188
7600;150;0.00193306
7600;234;0.002417487
7600;185;0.002155107
7600;179;0.002044448
7600;210;0.001948529
7600;151;0.001923281
7600;156;0.00196007
7600;147;0.001894257
7600;165;0.001908643
7600;160;0.001912561
7600;157;0.002128797
7600;150;0.002020003
7600;231;0.00194908
7600;156;0.001892693
7600;169;0.001894237
7600;156;0.00189629
7600;135;0.002066951
7600;153;0.002062232
7600;178;0.001918603
7600;174;0.001948007
7600;164;0.001943259
7600;215;0.001926196
7600;154;0.001908974
7600;157;0.001998141
7600;191;0.002090295
7600;190;0.001953488
7600;152;0.001910667
7600;200;0.001939141
7600;197;0.002096747
7600;149;0.001920015
7600;219;0.001915686
7600;153;0.001917229
7600;152;0.001953448
7600;194;0.001934071
7600;156;0.002924321
7600;141;0.002163642
7600;159;0.001992571
7600;161;0.002197827
7600;175;0.001908603
7600;152;0.002033257
7600;171;0.0019544
7600;154;0.002998008
7600;149;0.002152361
7600;137;0.001952305
7600;148;0.001924804
7600;174;0.001984677
7600;199;0.002181225
7600;150;0.001911589
7600;153;0.00196507
7600;202;0.001961032
7600;204;0.001899607
7600;135;0.001949209
7600;204;0.001986079
7600;153;0.002004253
7600;152;0.001914654
7600;153;0.001918032
7600;182;0.002027015
7600;197;0.001949911
7600;141;0.002033849
7600;210;0.001926908
7600;212;0.001947847
7600;133;0.001951835
7600;191;0.001935073
7600;176;0.001918732
7600;169;0.001880882
7600;151;0.00190681
7600;144;0.001883687
7600;141;0.001886482
7600;148;0.001969638
7600;214;0.001933359
7600;145;0.00193338
7600;202;0.001902421
7600;164;0.001887523
7600;133;0.001941364
7600;175;0.001886131
7600;149;0.002003071
7600;164;0.001937468
7600;177;0.001901049
7600;192;0.001888486
7600;140;0.001892283
7600;222;0.001889658
7600;185;0.001912891
7600;145;0.001912752
7600;145;0.001932037
7600;174;0.001947596
7600;144;0.001892764
7600;156;0.002020835
7600;214;0.002220669
7600;182;0.002405177
7600;178;0.002484203
7600;259;0.002030652
7600;171;0.002021415
7600;190;0.001936716
7600;188;0.001895419
7600;185;0.001905507
7600;157;0.002652871
7600;223;0.002164143
7600;196;0.001978485
7600;208;0.0019281
7600;191;0.001916448
7600;186;0.001889818
7600;156;0.001946535
7600;209;0.001942688
7600;170;0.00204012
7600;186;0.001962545
7600;272;0.001886372
7600;191;0.001959168
7600;186;0.001942958
7600;212;0.001915807
7600;195;0.001912281
7600;189;0.001899666
7600;243;0.001934693
7600;157;0.001988884
7600;224;0.001901099
7600;192;0.001938369
7600;198;0.001913282
7600;209;0.001967164
7600;269;0.001903363
7600;193;0.002084794
7600;261;0.001926417
7600;251;0.001907792
7600;272;0.001982843
7600;187;0.001939
7600;182;0.00190677
7600;203;0.001886311
7600;201;0.002039519
7600;215;0.001862818
7600;233;0.001996428
7600;181;0.001969348
7600;247;0.001934101
7600;186;0.001892413
7600;256;0.001887824
7600;208;0.001930745
7600;190;0.001918663
7600;181;0.001939762
7600;168;0.001972653
7600;180;0.001926427
7600;271;0.001958637
7600;198;0.001897743
7600;180;0.001900257
7600;180;0.001899777
7600;182;0.002033398
7600;174;0.001972734
7600;186;0.001955632
7600;181;0.00189596
7600;249;0.001891221
7600;246;0.001878126
7600;177;0.001886572
7600;140;0.002045921
7600;221;0.001957335
7600;201;0.001934252
7600;223;0.002019101
7600;147;0.002810917
7600;221;0.002040682
7600;139;0.001958457
7600;142;0.001905878
7600;131;0.001956694
7600;145;0.001940463
7600;144;0.001921337
7600;232;0.002067121
7600;228;0.001893485
7600;221;0.00189596
7600;182;0.00188524
7600;150;0.001890489
7600;141;0.00199716
7600;140;0.001824936
7600;159;0.001898705
7600;151;0.00189605
7600;179;0.001893164
7600;195;0.00192834
7600;133;0.001890039
7600;198;0.001898524
7600;180;0.001952156
7600;137;0.001891832
7600;134;0.001886031
7600;154;0.001898745
7600;144;0.001877695
7600;202;0.001889318
7600;153;0.001980659
7600;159;0.002030352
7600;150;0.001971361
7600;176;0.002011567
7600;140;0.00192232
7600;165;0.001943539
7600;199;0.001932127
7600;144;0.001906941
7600;229;0.001914003
7600;208;0.001944039
7600;198;0.001938058
7600;167;0.001961452
7600;203;0.001918061
7600;163;0.001930023
7600;154;0.001893095
7600;198;0.001897462
7600;216;0.001949951
7600;157;0.001955591
7600;191;0.001899146
7600;228;0.001898585
7600;237;0.001904175
7600;194;0.001901099
7600;245;0.001912742
7600;170;0.001894567
7600;140;0.001998853
7600;155;0.001935033
7600;200;0.001882435
7600;157;0.00192301
7600;199;0.001903184
7600;156;0.00189082
7600;180;0.002096736
7600;235;0.001990798
7600;164;0.001871564
7600;180;0.002017788
7600;173;0.00216806
7600;236;0.001935234
7600;242;0.001939251
7600;166;0.001977212
7600;159;0.001944992
7600;181;0.001923852
7600;213;0.002055049
7600;168;0.001957455
7600;164;0.001933841
7600;166;0.001916989
7600;233;0.001989224
7600;163;0.001908934
7600;174;0.002139797
7600;150;0.002208656
7600;155;0.001932589
7600;242;0.001978054
7600;164;0.00196562
7600;241;0.001918492
7600;177;0.001936496
7600;162;0.002085345
7600;184;0.002096827
7600;182;0.001915587
7600;199;0.001925625
7600;142;0.00191212
7600;187;0.001949671
7600;172;0.002024341
7600;161;0.002288958
7600;233;0.002182959
7600;157;0.002043487
7600;171;0.002612385
7600;188;0.002792443
7600;174;0.002324084
7600;158;0.002110913
7600;137;0.002102478
7600;252;0.002230558
7600;157;0.002617334
7600;147;0.002528778
7600;158;0.002205591
7600;223;0.002099081
7600;174;0.002087981
7600;149;0.002198818
7600;198;0.002030282
7600;142;0.002215861
7600;156;0.002034019
7600;172;0.002040461
7600;142;0.002200792
7600;151;0.002047725
7600;165;0.002190062
7600;158;0.002143995
7600;228;0.002086076
7600;171;0.002059536
7600;143;0.002057053
7600;196;0.002131542
7600;238;0.0021255
7600;201;0.002241608
7600;151;0.002240222
7600;168;0.002848871
7600;231;0.002567083
7600;181;0.002070718
7600;217;0.002017648
7600;173;0.001963286
7600;234;0.002125641
7600;203;0.002172509
7600;168;0.001984866
7600;193;0.001992862
7600;195;0.001976461
7600;148;0.002007118
7600;161;0.001999023
7600;164;0.002047925
7600;248;0.002426285
7600;178;0.001999964
7600;171;0.002042434
7600;251;0.001943219
7600;181;0.001973906
7600;243;0.002025102
7600;213;0.002203798
7600;161;0.002067903
7600;237;0.001991749
7600;227;0.001958718
7600;167;0.001969297
7600;173;0.001959059
7600;177;0.002197145
7600;159;0.002079605
7600;231;0.001968616
7600;165;0.002128967
7600;219;0.002000186
7600;173;0.002007379
7600;161;0.002038077
7600;177;0.001920826
7600;164;0.001929834
7600;168;0.002009062
7600;167;0.001977232
7600;154;0.001908213
7600;165;0.001890259
7600;168;0.001891662
7600;163;0.001934192
7600;206;0.001924393
7600;175;0.001895709
7600;167;0.001982512
7600;165;0.001891972
7600;164;0.001948989
7600;166;0.001899867
7600;193;0.001892323
7600;195;0.00191756
7600;156;0.001905598
7600;180;0.0020082
7600;238;0.001945603
7600;161;0.001887995
7600;205;0.001906189
7600;206;0.001887353
7600;194;0.0019118
7600;180;0.003289354
7600;171;0.002261818
7600;177;0.002031244
7600;186;0.00192277
7600;166;0.002024802
7600;171;0.002184251
7600;173;0.001960491
7600;179;0.001924663
7600;172;0.003082361
7600;226;0.002121623
7600;165;0.001939362
7600;191;0.001910717
7600;163;0.001985598
7600;189;0.001863879
7600;152;0.001894748
7600;164;0.001920085
7600;180;0.001934682
7600;189;0.001907972
7600;155;0.001902592
7600;236;0.001894938
7600;218;0.002007269
7600;168;0.001888055
7600;154;0.001914595
7600;169;0.002059817
7600;177;0.001926337
7600;160;0.001960952
7600;169;0.001898274
7600;190;0.001903233
7600;179;0.001913582
7600;171;0.001903785
7600;188;0.00194398
7600;257;0.001896651
7600;217;0.001926006
7600;167;0.001905688
7600;242;0.001947817
7600;151;0.002014643
7600;153;0.001983444
7600;163;0.001909585
7600;148;0.001954801
7600;153;0.002027086
7600;155;0.001868959
7600;177;0.001993342
7600;149;0.001901971
7600;160;0.001954599
7600;156;0.00195429
7600;151;0.001976831
7600;205;0.00191697
7600;218;0.001906559
7600;152;0.00192241
7600;152;0.001996518
7600;146;0.001910618
7600;150;0.001898685
7600;154;0.001984756
7600;240;0.001971602
7600;172;0.00191196
7600;236;0.001888686
7600;194;0.001881272
7600;153;0.00196509
7600;155;0.001931135
7600;225;0.002019321
7600;151;0.001894667
7600;150;0.0019124
7600;193;0.001902723
7600;244;0.001895128
7600;245;0.00201844
7600;138;0.001990658
7600;214;0.001891211
7600;129;0.001905978
7600;136;0.002032186
7600;158;0.002570941
7600;154;0.002150874
7600;136;0.001918552
7600;138;0.00187983
7600;168;0.0019283
7600;172;0.001930735
7600;180;0.001894898
7600;215;0.001948278
7600;182;0.001904967
7600;197;0.001972263
7600;134;0.001883486
7600;169;0.001918973
7600;156;0.001932408
7600;231;0.001897582
7600;149;0.001980609
7600;237;0.001932859
7600;139;0.001888806
7600;134;0.001904385
7600;140;0.001923161
7600;188;0.001902051
7600;131;0.001945223
7600;185;0.001900348
7600;138;0.001881071
7600;224;0.001980318
7600;168;0.00199765
7600;139;0.001942337
7600;243;0.002066981
7600;250;0.001941936
7600;247;0.001920125
7600;210;0.001908443
7600;245;0.001931686
7600;172;0.001862828
7600;180;0.001951324
7600;248;0.001905998
7600;252;0.001991109
7600;189;0.001915556
7600;157;0.001893465
7600;195;0.001888265
7600;203;0.001885801
7600;187;0.001926687
7600;188;0.001916689
7600;171;0.001978054
7600;174;0.001939221
7600;176;0.001882314
7600;220;0.001984266
7600;203;0.001892954
7600;153;0.001944921
7600;219;0.001851296
7600;178;0.001998422
7600;174;0.001913843
7600;223;0.00194388
7600;195;0.001921287
7600;251;0.001898715
7600;158;0.001905518
7600;242;0.001886652
7600;151;0.001948328
7600;164;0.002107136
7600;200;0.002020854
7600;144;0.001994755
7600;246;0.001919133
7600;143;0.001893145
7600;232;0.001948468
7600;161;0.001912331
7600;136;0.00192269
7600;154;0.001923441
7600;156;0.001930996
7600;196;0.001893885
7600;160;0.001914073
7600;151;0.001994936
7600;157;0.001968004
7600;186;0.001926326
7600;167;0.001914044
7600;192;0.001890099
7600;155;0.001939421
7600;247;0.001898404
7600;152;0.001881161
7600;155;0.001939922
7600;178;0.001920706
7600;156;0.001941425
7600;169;0.001893626
7600;148;0.001891351
7600;166;0.001889457
7600;152;0.00190111
7600;146;0.001908002
7600;240;0.001977283
7600;145;0.001935003
7600;238;0.002827639
7600;183;0.002006036
7600;230;0.001906669
7600;144;0.001853209
7600;179;0.001892804
7600;222;0.001942447
7600;134;0.002630548
7600;163;0.002518173
7600;200;0.002086312
7600;174;0.00196575
7600;219;0.001910257
7600;178;0.001928631
7600;209;0.002012919
7600;164;0.003172477
7600;164;0.002380077
7600;226;0.002120612
7600;187;0.002200021
7600;142;0.001920345
7600;161;0.002140779
7600;205;0.0021519
7600;223;0.002834401
7600;146;0.00210952
7600;225;0.001945783
7600;175;0.001942287
7600;158;0.002107837
7600;168;0.002007329
7600;156;0.001933741
7600;233;0.001908564
7600;162;0.002015594
7600;210;0.001950653
7600;159;0.002174663
7600;180;0.002401349
7600;214;0.00190142
7600;207;0.001901941
7600;174;0.001911208
7600;238;0.0019118
7600;184;0.002122184
7600;205;0.001968606
7600;215;0.00190697
7600;157;0.001950713
7600;139;0.00194957
7600;139;0.001944912
7600;171;0.00192287
7600;166;0.001988453
7600;140;0.001910447
7600;152;0.001994404
7600;180;0.002019562
7600;199;0.001900929
7600;142;0.001907171
7600;136;0.001974276
7600;140;0.001973695
7600;173;0.001947106
7600;142;0.001893004
7600;198;0.001902392
7600;148;0.002036058
7600;141;0.001895108
7600;151;0.002039159
7600;151;0.001987942
7600;210;0.001928731
7600;183;0.001916934
7600;212;0.001975819
7600;208;0.00193381
7600;203;0.002126773
7600;176;0.001921187
7600;139;0.001911338
7600;147;0.001906921
7600;136;0.001989766
7600;162;0.001905237
7600;141;0.001975088
7600;166;0.001943479
7600;202;0.001935154
7600;136;0.001913933
7600;149;0.001935694
7600;139;0.001998973
7600;148;0.001942176
7600;136;0.002032096
7600;223;0.001982271
7600;174;0.001926957
7600;139;0.002006316
7600;165;0.001939681
7600;137;0.001913774
7600;223;0.001971641
7600;142;0.001947496
7600;132;0.001932418
7600;147;0.001899266
7600;167;0.001892153
7600;143;0.002050454
7600;146;0.001911078
7600;175;0.001929653
7600;141;0.00197626
7600;208;0.002855521
7600;159;0.002139848
7600;178;0.001942266
7600;216;0.001906759
7600;155;0.001981199
7600;175;0.001953688
7600;203;0.001913983
7600;158;0.00216855
7600;139;0.002100204
7600;188;0.001939231
7600;176;0.001934071
7600;187;0.001901931
7600;139;0.001904035
7600;133;0.001935795
7600;141;0.001893455
7600;208;0.00207961
7600;136;0.00192022
7600;212;0.001921858
7600;138;0.001923792
7600;146;0.001862918
7600;137;0.001927158
7600;168;0.001924744
7600;211;0.001912271
7600;143;0.001898314
7600;132;0.001961974
7600;136;0.001980147
7600;136;0.001880892
7600;171;0.001889477
7600;226;0.001952545
7600;173;0.001887243
7600;180;0.001985979
7600;155;0.001909185
7600;200;0.001909865
7600;153;0.002899533
7600;238;0.002288586
7600;216;0.00193895
7600;163;0.001900709
7600;192;0.001899366
7600;143;0.001886632
7600;157;0.001936316
7600;168;0.00191216
7600;166;0.002251197
7600;148;0.001963737
7600;151;0.00190123
7600;152;0.001941615
7600;150;0.00189612
7600;222;0.001918722
7600;214;0.001916939
7600;238;0.001939562
7600;151;0.00303607
7600;152;0.002139718
7600;192;0.001964258
7600;173;0.001918482
7600;152;0.001941084
7600;161;0.00194411
7600;191;0.001934893
7600;224;0.002001878
7600;188;0.001959428
7600;220;0.001916058
7600;151;0.001913483
7600;166;0.002256156
7600;127;0.001913533
7600;146;0.001950502
7600;206;0.001992952
7600;195;0.001920526
7600;151;0.001968115
7600;157;0.001930755
7600;208;0.001890399
7600;144;0.00197073
7600;174;0.001891271
7600;181;0.002017448
7600;145;0.001898154
7600;138;0.001988012
7600;139;0.001934462
7600;146;0.001899717
7600;182;0.001925906
7600;138;0.001967795
7600;130;0.001886492
7600;199;0.001887604
7600;222;0.002014352
7600;176;0.001942778
7600;203;0.001914494
7600;198;0.001904406
7600;207;0.001876213
7600;204;0.00192827
7600;191;0.001975659
7600;141;0.001911559
7600;134;0.00190183
7600;195;0.002915795
7600;180;0.002122454
7600;150;0.002197837
7600;170;0.001879549
7600;176;0.002020209
7600;202;0.002140599
7600;178;0.002012408
7600;186;0.001944932
7600;189;0.001956563
7600;177;0.00197616
7600;170;0.002000165
7600;178;0.001993443
7600;176;0.002032797
7600;223;0.0019497
7600;171;0.001911038
7600;159;0.001994124
7600;213;0.001945212
7600;172;0.00209639
7600;152;0.001890619
7600;181;0.001914936
7600;173;0.001953593
7600;237;0.001930515
7600;157;0.001905938
7600;247;0.001914364
7600;172;0.001955381
7600;212;0.002285315
7600;199;0.002020263
7600;181;0.001941946
7600;158;0.001933129
7600;189;0.001937077
7600;175;0.002030282
7600;219;0.001992752
7600;139;0.002191054
7600;185;0.002193108
7600;138;0.001947396
7600;172;0.001905338
7600;194;0.002068974
7600;152;0.00198378
7600;214;0.001917551
7600;140;0.001951904
7600;220;0.001950792
7600;137;0.001951214
7600;138;0.001988233
7600;166;0.001902742
7600;142;0.00194362
7600;141;0.001874699
7600;167;0.002688318
7600;142;0.002819657
7600;172;0.00224225
7600;132;0.001978865
7600;170;0.002030302
7600;137;0.001934192
7600;164;0.002160787
7600;138;0.00275611
7600;152;0.001978335
7600;145;0.001944971
7600;166;0.001900899
7600;148;0.001913794
7600;136;0.002112416
7600;176;0.00206677
7600;144;0.002136701
7600;204;0.001955702
7600;225;0.001983003
7600;163;0.002212199
7600;212;0.001947111
7600;215;0.001973846
7600;170;0.001891632
7600;141;0.001876954
7600;149;0.001900398
7600;202;0.001963236
7600;139;0.001957365
7600;174;0.001962344
7600;177;0.001943208
7600;137;0.001907171
7600;147;0.001943088
7600;214;0.001860012
7600;137;0.002010736
7600;218;0.001915596
7600;137;0.001918192
7600;171;0.001911288
7600;147;0.001972584
7600;139;0.001974096
7600;211;0.001900848
7600;159;0.00193353
7600;141;0.0019439
7600;213;0.002009302
7600;144;0.001916418
7600;183;0.001908913
7600;188;0.001950862
7600;208;0.001941706
7600;166;0.001916007
7600;133;0.002006026
7600;129;0.002446122
7600;136;0.001924113
7600;227;0.001944932
7600;165;0.001947466
7600;133;0.001908814
7600;151;0.001939361
7600;162;0.002032636
7600;135;0.001902883
7600;213;0.001957144
7600;184;0.001910887
7600;202;0.00194928
7600;182;0.00216301
7600;134;0.002256949
7600;130;0.001952455
7600;162;0.001915937
7600;225;0.002032286
7600;217;0.001913813
7600;142;0.001896601
7600;219;0.001895389
7600;163;0.001986389
7600;151;0.001969708
7600;211;0.00196833
7600;134;0.001901009
7600;156;0.001930965
7600;215;0.001912241
7600;137;0.001901069
7600;208;0.001936396
7600;203;0.001931787
7600;132;0.002858472
7600;126;0.002090094
7600;139;0.002259913
7600;211;0.002004583
7600;163;0.001905698
7600;140;0.001842689
7600;131;0.001906941
7600;130;0.001914344
7600;148;0.001886081
7600;129;0.002036168
7600;187;0.001992461
7600;159;0.001913092
7600;220;0.001937959
7600;130;0.001923561
7600;192;0.001927129
7600;136;0.001933019
7600;123;0.00194412
7600;201;0.003104835
7600;210;0.002020133
7600;199;0.00194931
7600;186;0.001940444
7600;213;0.001902622
7600;221;0.001939421
7600;132;0.001921768
7600;128;0.001898334
7600;170;0.001986169
7600;134;0.001905819
7600;129;0.001970028
7600;139;0.00192318
7600;185;0.001909906
7600;166;0.0019171
7600;136;0.001891231
8100;221;0.002422909
8100;248;0.002165165
8100;217;0.002088361
8100;230;0.001995496
8100;229;0.00201873
8100;210;0.002062011
8100;231;0.002061441
8100;216;0.00211432
8100;284;0.00223165
8100;209;0.00204513
8100;278;0.00207202
8100;250;0.002012008
8100;276;0.002011647
8100;266;0.00206149
8100;264;0.002047965
8100;242;0.002104741
8100;239;0.002083371
8100;257;0.002015584
8100;211;0.002011717
8100;283;0.002023399
8100;206;0.002212885
8100;230;0.002040641
8100;210;0.002016636
8100;206;0.002027166
8100;218;0.002064175
8100;168;0.002011606
8100;212;0.002033788
8100;165;0.002138926
8100;252;0.002015053
8100;285;0.002047724
8100;173;0.002210951
8100;265;0.002043437
8100;242;0.002033638
8100;307;0.001976892
8100;234;0.002147192
8100;296;0.002035261
8100;219;0.00204544
8100;264;0.002037135
8100;234;0.001997781
8100;266;0.002026495
8100;235;0.0020132
8100;294;0.002009493
8100;220;0.002106545
8100;251;0.002030913
8100;303;0.002050169
8100;206;0.002000766
8100;178;0.001993553
8100;223;0.002001638
8100;267;0.002111895
8100;267;0.002021976
8100;255;0.00206656
8100;239;0.002101095
8100;195;0.001990026
8100;258;0.002038968
8100;241;0.002011977
8100;267;0.002001138
8100;299;0.002020483
8100;231;0.002108629
8100;260;0.002067843
8100;227;0.002019171
8100;218;0.002229606
8100;193;0.002027266
8100;203;0.002006407
8100;192;0.002039199
8100;259;0.002003171
8100;195;0.002040221
8100;203;0.002015685
8100;243;0.002040661
8100;222;0.001988364
8100;207;0.002004724
8100;218;0.002002289
8100;248;0.002040171
8100;191;0.001998091
8100;192;0.003218582
8100;197;0.002310848
8100;193;0.002104491
8100;261;0.002018549
8100;199;0.00203489
8100;227;0.002095014
8100;157;0.002036644
8100;191;0.002064962
8100;240;0.002048531
8100;195;0.002012709
8100;189;0.001992
8100;253;0.002043166
8100;263;0.002028157
8100;266;0.002023629
8100;193;0.001986169
8100;209;0.003059234
8100;237;0.002315327
8100;171;0.00217332
8100;199;0.002024211
8100;221;0.00214656
8100;217;0.00215686
8100;288;0.002028428
8100;220;0.002001097
8100;211;0.002048345
8100;199;0.002080116
8100;222;0.002089453
8100;215;0.002164825
8100;208;0.002026975
8100;228;0.002025113
8100;261;0.002031734
8100;269;0.002106906
8100;200;0.002126031
8100;201;0.002104542
8100;201;0.002033217
8100;201;0.00208768
8100;270;0.002015224
8100;227;0.001982512
8100;204;0.00199748
8100;199;0.002074775
8100;257;0.002380524
8100;248;0.002092925
8100;214;0.002070768
8100;226;0.002004734
8100;261;0.001987812
8100;198;0.002036003
8100;276;0.002227171
8100;203;0.00202973
8100;215;0.00217841
8100;211;0.001998702
8100;168;0.002011978
8100;274;0.002001648
8100;299;0.002019031
8100;211;0.002094593
8100;208;0.002059006
8100;218;0.002004614
8100;289;0.001992751
8100;244;0.001947035
8100;229;0.00200238
8100;205;0.002009974
8100;228;0.002050439
8100;235;0.002028588
8100;161;0.001988092
8100;230;0.002064637
8100;180;0.001975138
8100;212;0.001983544
8100;209;0.002040531
8100;208;0.002015714
8100;172;0.002156659
8100;209;0.002027066
8100;209;0.002043166
8100;209;0.001982422
8100;252;0.00200278
8100;226;0.002041263
8100;234;0.001999705
8100;216;0.001995146
8100;209;0.002061019
8100;280;0.001996779
8100;288;0.002143023
8100;198;0.001979296
8100;277;0.002083521
8100;245;0.002057493
8100;245;0.001984065
8100;233;0.002016577
8100;186;0.002030432
8100;242;0.001995917
8100;199;0.002014242
8100;246;0.002049278
8100;237;0.002053155
8100;188;0.001979867
8100;185;0.002003572
8100;260;0.002039009
8100;217;0.002070567
8100;305;0.002097007
8100;286;0.002011366
8100;244;0.001983133
8100;281;0.002064105
8100;234;0.001996769
8100;233;0.002040291
8100;266;0.001994996
8100;186;0.002009673
8100;250;0.00199751
8100;243;0.002024101
8100;243;0.002012408
8100;236;0.001989395
8100;215;0.001973746
8100;185;0.001987552
8100;175;0.002047224
8100;218;0.002270633
8100;238;0.002032607
8100;219;0.002160547
8100;239;0.002091907
8100;301;0.001983243
8100;240;0.002010995
8100;250;0.001989676
8100;236;0.002000456
8100;208;0.002016015
8100;263;0.0020932
8100;194;0.002039338
8100;165;0.00201911
8100;230;0.002036012
8100;195;0.002002029
8100;224;0.002054637
8100;168;0.00202445
8100;161;0.002011446
8100;247;0.00203436
8100;228;0.001987521
8100;215;0.002049117
8100;261;0.001999534
8100;178;0.001993884
8100;284;0.002029721
8100;239;0.002067572
8100;190;0.002023268
8100;238;0.001985658
8100;217;0.001994665
8100;161;0.002005215
8100;220;0.001996618
8100;223;0.002053695
8100;218;0.00241811
8100;221;0.002049749
8100;178;0.002102948
8100;212;0.002132554
8100;275;0.002115372
8100;225;0.002033508
8100;213;0.002161007
8100;218;0.002064186
8100;213;0.002097468
8100;231;0.002014372
8100;190;0.002003952
8100;216;0.00213062
8100;272;0.002008711
8100;201;0.002160837
8100;260;0.002015844
8100;167;0.002040481
8100;217;0.001990286
8100;241;0.002003401
8100;235;0.002142222
8100;207;0.002100714
8100;277;0.002085606
8100;239;0.001996419
8100;226;0.002043556
8100;269;0.002016756
8100;181;0.001984135
8100;247;0.001984576
8100;230;0.002096241
8100;185;0.002026404
8100;261;0.002033679
8100;267;0.00200278
8100;238;0.002591525
8100;242;0.002488933
8100;277;0.002710839
8100;286;0.002605211
8100;241;0.002489685
8100;237;0.002464176
8100;189;0.002310388
8100;239;0.002559285
8100;304;0.002327339
8100;243;0.002291503
8100;242;0.002359149
8100;236;0.002318924
8100;243;0.002846071
8100;205;0.003620391
8100;224;0.00238605
8100;209;0.002566018
8100;172;0.002387502
8100;233;0.002539749
8100;236;0.00249315
8100;197;0.00246665
8100;263;0.002367966
8100;240;0.002450762
8100;224;0.002606313
8100;237;0.002848839
8100;272;0.003742036
8100;229;0.002645948
8100;195;0.002308925
8100;204;0.002665575
8100;272;0.002308635
8100;185;0.00231685
8100;181;0.002218315
8100;295;0.002008671
8100;252;0.002060779
8100;239;0.003011756
8100;252;0.002313183
8100;246;0.002051271
8100;242;0.002035993
8100;289;0.002016526
8100;194;0.001996909
8100;309;0.00206114
8100;195;0.002126493
8100;291;0.002170996
8100;280;0.002003893
8100;248;0.002020313
8100;249;0.002015965
8100;273;0.002027366
8100;243;0.002003221
8100;242;0.002043917
8100;239;0.002091026
8100;249;0.002035041
8100;243;0.002028338
8100;280;0.002072852
8100;296;0.002054017
8100;248;0.001966682
8100;254;0.002038628
8100;249;0.002033789
8100;245;0.002037916
8100;295;0.0021252
8100;242;0.001985288
8100;223;0.001999153
8100;179;0.002257929
8100;247;0.002104862
8100;174;0.00201859
8100;256;0.002063264
8100;190;0.002019823
8100;228;0.001996929
8100;234;0.002033428
8100;252;0.002106926
8100;231;0.001999414
8100;177;0.002011436
8100;245;0.001995787
8100;291;0.00206687
8100;305;0.002061129
8100;267;0.00195993
8100;274;0.001990638
8100;230;0.002116474
8100;263;0.002087188
8100;170;0.001994434
8100;186;0.002050771
8100;276;0.002032095
8100;183;0.002003412
8100;238;0.0020453
8100;202;0.002118377
8100;307;0.002111885
8100;301;0.001984065
8100;245;0.00201319
8100;199;0.002112516
8100;194;0.002002871
8100;185;0.002004193
8100;297;0.001991058
8100;265;0.002118368
8100;224;0.0020504
8100;239;0.002101996
8100;186;0.002058475
8100;224;0.002006257
8100;299;0.002022127
8100;258;0.001993853
8100;320;0.002044389
8100;215;0.002086447
8100;297;0.002052253
8100;299;0.002014453
8100;268;0.002043126
8100;315;0.00213613
8100;249;0.001964187
8100;296;0.002022076
8100;253;0.002083242
8100;311;0.002026034
8100;217;0.002070587
8100;251;0.002033989
8100;324;0.002058746
8100;251;0.001975659
8100;216;0.002001839
8100;247;0.00220496
8100;246;0.002063574
8100;248;0.001984747
8100;216;0.002008401
8100;248;0.001999183
8100;194;0.002040311
8100;291;0.002028298
8100;253;0.00200227
8100;237;0.002304456
8100;213;0.002145338
8100;213;0.002000085
8100;281;0.002019752
8100;249;0.001993112
8100;226;0.002118999
8100;268;0.002018169
8100;210;0.001978635
8100;233;0.002043607
8100;210;0.002819955
8100;200;0.002250826
8100;213;0.002050169
8100;242;0.002004834
8100;169;0.002041273
8100;276;0.002032776
8100;212;0.002049658
8100;169;0.00200268
8100;210;0.002001819
8100;286;0.00205097
8100;263;0.002067762
8100;274;0.002206823
8100;275;0.001982412
8100;202;0.002048726
8100;280;0.00198674
8100;228;0.002123006
8100;195;0.001988644
8100;242;0.001975429
8100;216;0.0020076
8100;223;0.001974817
8100;202;0.002019412
8100;233;0.002180774
8100;307;0.002219857
8100;235;0.002231128
8100;229;0.002050419
8100;206;0.002028709
8100;235;0.002120251
8100;310;0.002089032
8100;216;0.002060428
8100;205;0.002205411
8100;236;0.002118517
8100;217;0.002086297
8100;179;0.002043567
8100;220;0.002050429
8100;246;0.00260422
8100;300;0.002242029
8100;207;0.002203648
8100;263;0.002038157
8100;183;0.002019381
8100;201;0.002027116
8100;245;0.002021836
8100;268;0.002817324
8100;221;0.002538782
8100;279;0.002171587
8100;274;0.002096707
8100;302;0.002156118
8100;292;0.002021535
8100;185;0.002660862
8100;285;0.003717923
8100;251;0.002387983
8100;229;0.002075447
8100;263;0.002166948
8100;240;0.002006747
8100;184;0.00201314
8100;192;0.002883832
8100;290;0.002971152
8100;242;0.002452414
8100;297;0.002090925
8100;256;0.002048676
8100;188;0.002063094
8100;294;0.002132594
8100;251;0.002251968
8100;256;0.002060498
8100;241;0.002039469
8100;230;0.002095975
8100;305;0.002008581
8100;249;0.002046082
8100;198;0.002157892
8100;190;0.002051672
8100;294;0.002262117
8100;239;0.002011397
8100;297;0.002019602
8100;258;0.002033958
8100;300;0.002156478
8100;305;0.002079675
8100;269;0.002006377
8100;240;0.002145569
8100;249;0.002005846
8100;246;0.002067562
8100;238;0.002123767
8100;243;0.002090906
8100;227;0.002151209
8100;224;0.00202905
8100;225;0.002126933
8100;169;0.002021194
8100;174;0.001984125
8100;201;0.001982662
8100;283;0.002026355
8100;202;0.001983133
8100;301;0.002006247
8100;227;0.002032787
8100;226;0.002026385
8100;225;0.0020136
8100;295;0.00200779
8100;228;0.001975399
8100;269;0.001994435
8100;273;0.002067572
8100;226;0.002031684
8100;226;0.002052263
8100;251;0.001961163
8100;298;0.001998512
8100;225;0.001986399
8100;267;0.002089092
8100;196;0.001993823
8100;172;0.001979466
8100;184;0.002030733
8100;215;0.001982081
8100;240;0.002124329
8100;224;0.00204507
8100;273;0.00197609
8100;243;0.002086037
8100;192;0.002152201
8100;165;0.002073113
8100;281;0.002074344
8100;242;0.002072437
8100;209;0.002017949
8100;226;0.002052664
8100;214;0.002003211
8100;207;0.001998202
8100;211;0.002122204
8100;214;0.002001427
8100;209;0.002067662
8100;235;0.002041402
8100;209;0.002000455
8100;192;0.00200305
8100;266;0.002014923
8100;255;0.002134778
8100;195;0.002012478
8100;204;0.002011697
8100;267;0.002061771
8100;215;0.001967404
8100;196;0.002034671
8100;208;0.002049728
8100;241;0.002056792
8100;234;0.002006397
8100;208;0.00200777
8100;224;0.002093781
8100;195;0.002021335
8100;223;0.002026976
8100;182;0.002016155
8100;212;0.002062933
8100;246;0.00210935
8100;296;0.002074766
8100;217;0.002079144
8100;224;0.00199196
8100;221;0.002015514
8100;222;0.002006076
8100;218;0.002132794
8100;162;0.002035671
8100;260;0.002000035
8100;280;0.002065423
8100;257;0.002122404
8100;274;0.001962154
8100;188;0.002084523
8100;259;0.002020112
8100;231;0.002005565
8100;221;0.002004784
8100;217;0.002008271
8100;285;0.002241188
8100;217;0.002035882
8100;212;0.002006638
8100;161;0.002032716
8100;188;0.001994424
8100;234;0.002069886
8100;282;0.002026825
8100;261;0.002039028
8100;212;0.002069536
8100;250;0.002040531
8100;223;0.002055218
8100;235;0.002003111
8100;254;0.002006568
8100;232;0.002250355
8100;188;0.002283548
8100;270;0.002004323
8100;298;0.002009503
8100;197;0.001995006
8100;284;0.002079965
8100;173;0.002083578
8100;307;0.002187978
8100;284;0.002034891
8100;283;0.002105954
8100;220;0.002039088
8100;235;0.002000365
8100;248;0.002027768
8100;233;0.002185272
8100;225;0.002201714
8100;233;0.00201839
8100;257;0.002021125
8100;286;0.002025412
8100;230;0.001999894
8100;235;0.002120201
8100;279;0.002242861
8100;294;0.002128146
8100;239;0.002027076
8100;220;0.002023349
8100;270;0.002053876
8100;185;0.002030322
8100;253;0.002271405
8100;231;0.002100003
8100;295;0.002074575
8100;229;0.002025162
8100;264;0.002155487
8100;202;0.002024651
8100;207;0.001985859
8100;228;0.002075326
8100;251;0.002157231
8100;265;0.001984205
8100;225;0.002073543
8100;250;0.002777671
8100;258;0.002231124
8100;254;0.002075597
8100;182;0.002129278
8100;234;0.002057604
8100;245;0.001997059
8100;247;0.002040862
8100;246;0.001995567
8100;228;0.002877016
8100;223;0.00232249
8100;219;0.002058034
8100;274;0.002050299
8100;243;0.002034871
8100;230;0.002050279
8100;251;0.002040431
8100;183;0.00208229
8100;238;0.002016176
8100;189;0.002042344
8100;248;0.002000586
8100;277;0.002009502
8100;248;0.002047054
8100;253;0.002000265
8100;184;0.002103148
8100;258;0.002618907
8100;296;0.002158593
8100;264;0.001956293
8100;203;0.002001848
8100;192;0.001991058
8100;251;0.002942144
8100;200;0.00229575
8100;260;0.002037506
8100;260;0.002026755
8100;264;0.002205451
8100;250;0.002076208
8100;254;0.002097538
8100;194;0.002341526
8100;253;0.002144136
8100;259;0.002001337
8100;254;0.00208838
8100;317;0.002000225
8100;273;0.002012318
8100;252;0.00203436
8100;231;0.002256236
8100;245;0.00214099
8100;256;0.002064476
8100;312;0.001992621
8100;254;0.00201371
8100;293;0.002006458
8100;264;0.002031103
8100;175;0.002048947
8100;260;0.002058024
8100;207;0.001984816
8100;290;0.002065809
8100;226;0.002192055
8100;238;0.002017898
8100;222;0.002032085
8100;232;0.001995717
8100;222;0.002030121
8100;181;0.002010916
8100;293;0.002010855
8100;218;0.002073893
8100;220;0.001966152
8100;247;0.002045811
8100;203;0.002050089
8100;209;0.001959939
8100;239;0.002022477
8100;235;0.002024641
8100;296;0.00244479
8100;234;0.002004593
8100;222;0.003171675
8100;232;0.002249314
8100;296;0.002150848
8100;231;0.002037446
8100;237;0.002031484
8100;193;0.002021496
8100;237;0.002004954
8100;187;0.003203214
8100;222;0.00212525
8100;223;0.002045891
8100;254;0.002019752
8100;254;0.002091317
8100;233;0.002035521
8100;254;0.002101555
8100;195;0.002167679
8100;247;0.002060178
8100;204;0.002020403
8100;223;0.001992792
8100;201;0.002048736
8100;298;0.002013992
8100;217;0.002038758
8100;272;0.002044398
8100;225;0.003069233
8100;216;0.002133395
8100;219;0.002044168
8100;173;0.002269822
8100;294;0.002009473
8100;281;0.002047133
8100;223;0.001999794
8100;196;0.002788175
8100;266;0.002270002
8100;197;0.002075647
8100;225;0.002036683
8100;233;0.002006647
8100;219;0.002078462
8100;246;0.002009793
8100;245;0.001995186
8100;229;0.00223136
8100;227;0.002039349
8100;257;0.002078262
8100;241;0.002017217
8100;306;0.002042274
8100;297;0.002009132
8100;241;0.002008491
8100;217;0.00236486
8100;214;0.002150728
8100;222;0.002028809
8100;291;0.002010996
8100;265;0.002017037
8100;297;0.002050229
8100;216;0.002056612
8100;219;0.002143204
8100;188;0.002047685
8100;237;0.002018039
8100;195;0.00203485
8100;175;0.00203986
8100;224;0.002009774
8100;220;0.002092659
8100;212;0.002074395
8100;230;0.002051872
8100;237;0.002116614
8100;268;0.002009363
8100;217;0.002022608
8100;216;0.002010054
8100;249;0.00201357
8100;256;0.002058906
8100;262;0.001984376
8100;278;0.002032295
8100;165;0.001988433
8100;222;0.002025904
8100;214;0.002059486
8100;218;0.002002028
8100;289;0.002025794
8100;277;0.002029951
8100;226;0.003088559
8100;245;0.002241328
8100;208;0.002129038
8100;228;0.002058615
8100;159;0.002024892
8100;231;0.00202409
8100;235;0.00200286
8100;260;0.002159915
8100;223;0.001999314
8100;180;0.002002179
8100;177;0.00207714
8100;176;0.002022107
8100;228;0.002063905
8100;217;0.002037575
8100;228;0.002034499
8100;289;0.003070491
8100;222;0.002340544
8100;290;0.002091507
8100;242;0.00201817
8100;260;0.002000125
8100;246;0.001996428
8100;261;0.002045841
8100;297;0.002187697
8100;274;0.002082871
8100;181;0.00205068
8100;213;0.001942307
8100;247;0.002036544
8100;223;0.001999644
8100;199;0.00200276
8100;264;0.002037044
8100;255;0.002145429
8100;249;0.002207219
8100;256;0.002043567
8100;240;0.002072752
8100;264;0.002031504
8100;279;0.002030713
8100;272;0.002016576
8100;315;0.002035943
8100;241;0.001982973
8100;200;0.002898326
8100;265;0.002212904
8100;226;0.002063213
8100;231;0.002050349
8100;183;0.002016446
8100;241;0.002058765
8100;234;0.002038747
8100;194;0.002199875
8100;264;0.003271404
8100;291;0.002329914
8100;234;0.002054668
8100;228;0.002084484
8100;178;0.002000245
8100;240;0.002053956
8100;269;0.002109245
8100;252;0.002041403
8100;235;0.001999905
8100;235;0.002004383
8100;222;0.002004153
8100;227;0.002011928
8100;246;0.002041633
8100;276;0.002193929
8100;268;0.002071098
8100;210;0.002102518
8100;214;0.001999895
8100;245;0.002059256
8100;218;0.001985077
8100;259;0.002107045
8100;174;0.002016546
8100;212;0.001979968
8100;235;0.002036644
8100;230;0.001955892
8100;214;0.002068193
8100;245;0.002094653
8100;218;0.001990838
8100;228;0.002051512
8100;222;0.00196533
8100;221;0.002063063
8100;235;0.002013781
8100;193;0.002016316
8100;235;0.00209315
8100;225;0.001958447
8100;233;0.002083392
8100;169;0.001974046
8100;269;0.001995136
8100;219;0.00200223
8100;219;0.002017578
8100;234;0.00210905
8100;240;0.002039389
8100;264;0.001944851
8100;223;0.001990357
8100;251;0.00296772
8100;231;0.002802597
8100;269;0.002108408
8100;249;0.002001127
8100;202;0.002029099
8100;310;0.001999083
8100;249;0.002037716
8100;236;0.002078422
8100;251;0.002123363
8100;288;0.00201325
8100;304;0.002021646
8100;255;0.001998051
8100;235;0.002128476
8100;280;0.002009282
8100;247;0.001996168
8100;232;0.002060669
8100;236;0.002090625
8100;256;0.002054949
8100;304;0.002053014
8100;238;0.002017659
8100;195;0.002010605
8100;298;0.001998492
8100;308;0.002047033
8100;230;0.002051392
8100;239;0.002009242
8100;280;0.002179882
8100;230;0.002060769
8100;182;0.002054888
8100;259;0.002002029
8100;309;0.001999023
8100;234;0.002347588
8100;237;0.002040772
8100;234;0.002062482
8100;230;0.00200753
8100;247;0.002017908
8100;183;0.002085706
8100;290;0.002061821
8100;262;0.002088521
8100;207;0.002000456
8100;236;0.002012368
8100;307;0.002007039
8100;236;0.001998572
8100;198;0.002034871
8100;294;0.002066329
8100;263;0.002006837
8100;284;0.002043738
8100;255;0.002006226
8100;248;0.002091647
8100;233;0.002009172
8100;257;0.002015614
8100;228;0.002063774
8100;281;0.002003732
8100;240;0.002011827
8100;301;0.002018429
8100;221;0.001987752
8100;179;0.002000025
8100;241;0.00207214
8100;267;0.002080787
8100;240;0.002020193
8100;224;0.001992451
8100;181;0.003103892
8100;244;0.002270528
8100;232;0.002043607
8100;229;0.002011617
8100;196;0.001994024
8100;267;0.002044168
8100;230;0.002017448
8100;241;0.002091807
8100;191;0.002041493
8100;308;0.002070377
8100;274;0.002026635
8100;298;0.001997189
8100;234;0.002023399
8100;189;0.002011186
8100;179;0.00199229
8100;277;0.002200742
8100;257;0.002005355
8100;258;0.002031976
8100;252;0.002096957
8100;234;0.002042956
8100;308;0.001994755
8100;265;0.001994044
8100;307;0.002013801
8100;270;0.002057643
8100;240;0.001987932
8100;240;0.002085055
8100;223;0.001962234
8100;301;0.002051341
8100;214;0.001945142
8100;189;0.001980438
8600;186;0.002292174
8600;277;0.002105423
8600;257;0.002148384
8600;271;0.002289198
8600;276;0.002099291
8600;188;0.002170525
8600;218;0.002229646
8600;281;0.002111004
8600;312;0.002136872
8600;256;0.002711721
8600;322;0.002134578
8600;252;0.002155507
8600;194;0.002762218
8600;295;0.002697056
8600;262;0.002402761
8600;239;0.002340765
8600;246;0.002266235
8600;312;0.002094873
8600;256;0.002147141
8600;264;0.002223195
8600;294;0.002329423
8600;204;0.002149907
8600;195;0.002182858
8600;274;0.002045832
8600;270;0.002105643
8600;284;0.002132885
8600;259;0.002767019
8600;275;0.002559511
8600;259;0.002106846
8600;284;0.002132584
8600;274;0.002381532
8600;270;0.002093641
8600;296;0.002114179
8600;301;0.002137733
8600;276;0.002504603
8600;271;0.002085285
8600;271;0.002121353
8600;212;0.00212511
8600;271;0.002082951
8600;188;0.002192717
8600;313;0.00210924
8600;270;0.002127555
8600;271;0.002105653
8600;268;0.002101767
8600;283;0.002283081
8600;302;0.002146564
8600;219;0.002233683
8600;331;0.002105243
8600;280;0.002175935
8600;285;0.002096466
8600;303;0.002071419
8600;217;0.002118868
8600;185;0.002269191
8600;215;0.002277065
8600;199;0.002100123
8600;293;0.002105223
8600;287;0.002079144
8600;269;0.002139517
8600;278;0.002224997
8600;217;0.002271514
8600;229;0.002275913
8600;267;0.002099813
8600;260;0.002315588
8600;256;0.002171136
8600;233;0.002168792
8600;192;0.002117275
8600;255;0.002095314
8600;258;0.002110171
8600;252;0.002155327
8600;278;0.002684781
8600;292;0.002097809
8600;272;0.002088602
8600;262;0.002175224
8600;275;0.002195151
8600;256;0.002166919
8600;312;0.00221074
8600;272;0.002893322
8600;267;0.002303475
8600;252;0.002235818
8600;313;0.002108659
8600;283;0.002195552
8600;303;0.002373246
8600;295;0.002121203
8600;274;0.002208045
8600;265;0.002114129
8600;211;0.002152962
8600;181;0.002136181
8600;268;0.002395398
8600;303;0.002110112
8600;301;0.002106505
8600;259;0.002331418
8600;270;0.002105824
8600;271;0.002499573
8600;261;0.002180719
8600;257;0.002277095
8600;207;0.002092659
8600;195;0.002092259
8600;280;0.002147231
8600;275;0.002153303
8600;259;0.002193278
8600;244;0.002111164
8600;263;0.003239593
8600;265;0.00227189
8600;254;0.002537905
8600;257;0.002216853
8600;299;0.002120972
8600;258;0.002087239
8600;225;0.002132854
8600;254;0.002183885
8600;246;0.002230067
8600;257;0.002330485
8600;278;0.002116454
8600;257;0.002150938
8600;256;0.002099582
8600;258;0.002166527
8600;278;0.002226591
8600;260;0.002161057
8600;255;0.002181606
8600;271;0.002112136
8600;317;0.00209819
8600;270;0.002192155
8600;277;0.002110642
8600;220;0.002233313
8600;284;0.002644294
8600;285;0.002126242
8600;316;0.002201102
8600;273;0.002111234
8600;266;0.002158182
8600;266;0.00210403
8600;281;0.002328652
8600;280;0.002144867
8600;265;0.002136101
8600;272;0.002136171
8600;192;0.002107296
8600;284;0.002261335
8600;191;0.002215219
8600;327;0.002224767
8600;273;0.002217022
8600;319;0.002112557
8600;272;0.002211902
8600;314;0.002085315
8600;195;0.00237554
8600;288;0.002154726
8600;330;0.002137222
8600;288;0.002198072
8600;283;0.002123396
8600;330;0.002150968
8600;270;0.002276284
8600;290;0.002171948
8600;281;0.002160016
8600;273;0.002552102
8600;269;0.002113799
8600;257;0.00209885
8600;271;0.002094752
8600;273;0.002452674
8600;269;0.002137142
8600;275;0.002149206
8600;256;0.002359439
8600;210;0.002123597
8600;249;0.002107958
8600;306;0.003164105
8600;315;0.003046069
8600;282;0.003255868
8600;243;0.002600494
8600;256;0.002825706
8600;256;0.003363706
8600;241;0.003091695
8600;252;0.002308785
8600;256;0.002407073
8600;285;0.002473178
8600;291;0.002280993
8600;171;0.002117626
8600;268;0.00224764
8600;289;0.002185203
8600;272;0.002267858
8600;305;0.002781012
8600;253;0.002886199
8600;192;0.002406258
8600;285;0.002089673
8600;276;0.00209298
8600;297;0.00236463
8600;211;0.002088411
8600;245;0.002115141
8600;316;0.00208282
8600;278;0.00236486
8600;267;0.002202876
8600;278;0.002198388
8600;267;0.002200466
8600;283;0.002105313
8600;269;0.002136461
8600;290;0.002405036
8600;260;0.002188689
8600;211;0.002214278
8600;268;0.00227977
8600;206;0.00222358
8600;204;0.002079183
8600;216;0.002577309
8600;203;0.002150668
8600;275;0.00218403
8600;260;0.002151139
8600;212;0.00208237
8600;264;0.00223165
8600;200;0.002398313
8600;260;0.002169213
8600;298;0.002133966
8600;324;0.002126652
8600;263;0.002121994
8600;271;0.002111474
8600;266;0.002525612
8600;241;0.002173411
8600;198;0.002709297
8600;293;0.002154195
8600;295;0.002251196
8600;261;0.002213516
8600;261;0.002102718
8600;259;0.002154255
8600;196;0.002437987
8600;256;0.002126723
8600;249;0.002121974
8600;277;0.002164103
8600;257;0.002149957
8600;263;0.002124228
8600;282;0.002271785
8600;307;0.002136992
8600;290;0.002158232
8600;264;0.002054898
8600;254;0.002415315
8600;196;0.002185794
8600;256;0.002245747
8600;256;0.002261672
8600;276;0.002158172
8600;258;0.002124418
8600;264;0.002089423
8600;309;0.00218915
8600;314;0.002331848
8600;322;0.002333441
8600;260;0.002095014
8600;277;0.002088852
8600;254;0.002081788
8600;196;0.002113248
8600;266;0.00245791
8600;267;0.002479376
8600;298;0.002252028
8600;306;0.002154515
8600;259;0.002225779
8600;252;0.002479135
8600;177;0.002188449
8600;258;0.002123707
8600;253;0.002092058
8600;317;0.002102337
8600;224;0.002286593
8600;254;0.002592026
8600;260;0.002480497
8600;254;0.002091948
8600;256;0.002100634
8600;204;0.002229737
8600;256;0.002272546
8600;240;0.002078322
8600;250;0.002168572
8600;267;0.002326598
8600;228;0.002146571
8600;245;0.002088922
8600;212;0.002344441
8600;199;0.002488822
8600;301;0.002149887
8600;193;0.002160206
8600;252;0.00335608
8600;253;0.002254753
8600;214;0.002550578
8600;269;0.002204189
8600;193;0.002306801
8600;258;0.002922187
8600;284;0.002418155
8600;272;0.00216213
8600;327;0.002424852
8600;261;0.002147251
8600;333;0.002096957
8600;178;0.002280126
8600;266;0.002129123
8600;325;0.002107106
8600;317;0.002193298
8600;333;0.002205721
8600;280;0.002190422
8600;269;0.002094533
8600;276;0.002172379
8600;275;0.002052944
8600;235;0.002226771
8600;266;0.002179702
8600;271;0.002133055
8600;249;0.002114901
8600;268;0.002086437
8600;282;0.00213048
8600;196;0.002277326
8600;270;0.002411257
8600;257;0.002120291
8600;263;0.002252078
8600;242;0.002134788
8600;271;0.002116845
8600;268;0.002138174
8600;284;0.002635689
8600;241;0.002213566
8600;257;0.002149355
8600;297;0.002088902
8600;263;0.002141491
8600;316;0.002431916
8600;268;0.002187487
8600;271;0.002144877
8600;262;0.002136661
8600;280;0.002187857
8600;269;0.002106105
8600;261;0.002220278
8600;203;0.002132384
8600;186;0.002148324
8600;263;0.002142031
8600;281;0.002085485
8600;262;0.002108479
8600;267;0.00242893
8600;273;0.002906356
8600;191;0.002100674
8600;262;0.00218944
8600;267;0.0020876
8600;265;0.002133135
8600;276;0.002315447
8600;203;0.002230227
8600;271;0.00210906
8600;265;0.002136672
8600;258;0.002161017
8600;271;0.002134247
8600;242;0.002109581
8600;225;0.002129709
8600;302;0.002409744
8600;266;0.00225296
8600;276;0.002064496
8600;230;0.00224741
8600;202;0.002093691
8600;337;0.002171527
8600;269;0.002542794
8600;267;0.002824432
8600;332;0.003077388
8600;201;0.002138445
8600;275;0.002312272
8600;311;0.002524139
8600;272;0.003206771
8600;333;0.003288905
8600;224;0.002506837
8600;261;0.002428149
8600;333;0.002382794
8600;235;0.002516384
8600;302;0.002794787
8600;330;0.002201793
8600;245;0.00234895
8600;329;0.002136632
8600;327;0.00259708
8600;268;0.002363217
8600;311;0.002173351
8600;252;0.002123547
8600;248;0.002147231
8600;254;0.002177839
8600;217;0.002867434
8600;260;0.002652741
8600;201;0.002148334
8600;276;0.00211974
8600;250;0.002139777
8600;274;0.002425164
8600;290;0.002134056
8600;273;0.002099541
8600;291;0.002080375
8600;270;0.00210411
8600;261;0.002097578
8600;254;0.002223695
8600;237;0.002111845
8600;281;0.00212525
8600;263;0.002125541
8600;288;0.002116934
8600;199;0.002112998
8600;263;0.00218395
8600;277;0.002147733
8600;316;0.002308223
8600;265;0.00210919
8600;263;0.002078242
8600;300;0.002116383
8600;254;0.002150107
8600;254;0.002309296
8600;317;0.002094152
8600;283;0.002181726
8600;327;0.003593307
8600;320;0.002471861
8600;323;0.002178309
8600;182;0.002156168
8600;292;0.002135399
8600;260;0.002409023
8600;263;0.002065438
8600;278;0.00210365
8600;308;0.002205411
8600;272;0.0023172
8600;198;0.002137313
8600;317;0.002889205
8600;309;0.002181506
8600;254;0.00208782
8600;201;0.002382002
8600;260;0.002124528
8600;276;0.002107326
8600;317;0.002089734
8600;265;0.003177977
8600;259;0.002408567
8600;198;0.002312597
8600;307;0.002127595
8600;271;0.002126943
8600;189;0.0021464
8600;262;0.002262007
8600;231;0.002227202
8600;237;0.002376171
8600;258;0.002244815
8600;267;0.002114671
8600;277;0.002101495
8600;264;0.002091667
8600;207;0.00212514
8600;266;0.00256729
8600;311;0.002164894
8600;261;0.002114129
8600;321;0.002840163
8600;264;0.002428118
8600;298;0.002295169
8600;261;0.002186586
8600;315;0.005203549
8600;267;0.002476059
8600;267;0.002183269
8600;268;0.002118598
8600;267;0.002175204
8600;188;0.002977219
8600;281;0.003502922
8600;276;0.002381121
8600;264;0.002360883
8600;316;0.002359991
8600;263;0.002446583
8600;257;0.002218014
8600;262;0.002165055
8600;259;0.002159765
8600;261;0.002143184
8600;308;0.002118868
8600;188;0.002475728
8600;244;0.002315367
8600;294;0.002122154
8600;280;0.002104562
8600;193;0.00218364
8600;261;0.002161448
8600;225;0.002341767
8600;242;0.002110462
8600;267;0.002177609
8600;288;0.002092458
8600;264;0.002211612
8600;254;0.002137293
8600;223;0.002190542
8600;278;0.002175379
8600;268;0.002232863
8600;270;0.003567538
8600;247;0.002387783
8600;323;0.002173892
8600;273;0.002185914
8600;264;0.002547563
8600;272;0.00240752
8600;264;0.002239905
8600;228;0.002056481
8600;266;0.002103168
8600;318;0.002194721
8600;277;0.002593289
8600;279;0.002673068
8600;259;0.002101575
8600;312;0.002154675
8600;291;0.002278728
8600;308;0.002136392
8600;271;0.002746156
8600;315;0.002301151
8600;255;0.002082289
8600;266;0.002207714
8600;252;0.002094131
8600;272;0.002104592
8600;204;0.002524369
8600;258;0.003298573
8600;268;0.002409745
8600;274;0.002299698
8600;185;0.002606143
8600;257;0.002075246
8600;257;0.002200651
8600;195;0.002154906
8600;310;0.002062663
8600;266;0.002121874
8600;319;0.002161358
8600;261;0.0021039
8600;195;0.002112046
8600;259;0.002219512
8600;256;0.002196785
8600;197;0.002091918
8600;281;0.00229027
8600;257;0.002082039
8600;263;0.002264411
8600;301;0.002076889
8600;259;0.002072641
8600;305;0.003362197
8600;180;0.002378005
8600;277;0.002115111
8600;262;0.002139276
8600;304;0.002036173
8600;285;0.002085726
8600;279;0.002325706
8600;277;0.002188299
8600;242;0.002102347
8600;282;0.002120251
8600;259;0.002047585
8600;279;0.002096105
8600;259;0.002298325
8600;213;0.002469937
8600;221;0.002466391
8600;197;0.003841069
8600;260;0.002574687
8600;241;0.002216331
8600;246;0.002296852
8600;271;0.002548505
8600;264;0.002078061
8600;266;0.00255654
8600;264;0.00214655
8600;256;0.002223565
8600;262;0.002426886
8600;175;0.002307713
8600;317;0.002198007
8600;303;0.002352958
8600;271;0.002400638
8600;280;0.002232542
8600;195;0.002664943
8600;281;0.002434901
8600;274;0.002184912
8600;259;0.002250976
8600;283;0.0024555
8600;299;0.002538596
8600;235;0.002995715
8600;265;0.002516494
8600;259;0.00290827
8600;301;0.002601675
8600;248;0.005299527
8600;266;0.003006964
8600;260;0.003745262
8600;204;0.002870309
8600;272;0.002641069
8600;319;0.002203367
8600;306;0.002162881
8600;238;0.003421278
8600;256;0.002308921
8600;259;0.00235433
8600;293;0.002202515
8600;308;0.002149356
8600;199;0.002113558
8600;319;0.002293697
8600;284;0.00212014
8600;261;0.002447755
8600;295;0.002563893
8600;242;0.002133385
8600;204;0.002131652
8600;285;0.002186065
8600;289;0.002379666
8600;262;0.002820195
8600;296;0.002260937
8600;253;0.002953033
8600;265;0.002425188
8600;256;0.002183138
8600;233;0.002282636
8600;281;0.003049846
8600;250;0.002168722
8600;251;0.002081378
8600;289;0.002137829
8600;303;0.002097118
8600;254;0.002885448
8600;185;0.002260024
8600;276;0.002288597
8600;295;0.002298986
8600;177;0.003375928
8600;313;0.003428988
8600;270;0.002179492
8600;303;0.002178279
8600;299;0.002167459
8600;287;0.002127465
8600;183;0.002370701
8600;329;0.003217757
8600;288;0.002276518
8600;252;0.002151229
8600;297;0.002273729
8600;285;0.011307109
8600;273;0.013517328
8600;197;0.006496417
8600;279;0.012038342
8600;290;0.01068976
8600;186;0.008733688
8600;322;0.002174623
8600;264;0.003419381
8600;316;0.002668841
8600;276;0.002216873
8600;267;0.002174642
8600;327;0.002144386
8600;292;0.002094272
8600;242;0.002235112
8600;253;0.002387913
8600;263;0.002719536
8600;204;0.002121483
8600;307;0.00213045
8600;283;0.002129388
8600;252;0.002281263
8600;250;0.002139668
8600;254;0.002208096
8600;248;0.002126472
8600;261;0.002172619
8600;184;0.002154766
8600;250;0.002118828
8600;185;0.002161839
8600;315;0.002184702
8600;205;0.002117505
8600;245;0.002119059
8600;250;0.002086187
8600;281;0.002118167
8600;202;0.002095865
8600;306;0.002505689
8600;197;0.002225558
8600;191;0.002138755
8600;232;0.002112666
8600;252;0.002156379
8600;304;0.002123667
8600;257;0.00226333
8600;267;0.002189691
8600;209;0.002218956
8600;264;0.002149746
8600;234;0.002120361
8600;287;0.002128185
8600;269;0.002217013
8600;257;0.002227642
8600;260;0.002057804
8600;259;0.002144366
8600;255;0.002266466
8600;291;0.002102106
8600;188;0.002111574
8600;296;0.002155547
8600;262;0.002140188
8600;258;0.002079895
8600;288;0.002242209
8600;266;0.002097588
8600;196;0.002125711
8600;222;0.002102808
8600;194;0.002086217
8600;299;0.00217821
8600;267;0.002179251
8600;259;0.002338751
8600;278;0.002137122
8600;258;0.002091407
8600;187;0.00213039
8600;287;0.002078352
8600;256;0.003363477
8600;269;0.003182208
8600;276;0.002381696
8600;223;0.00248711
8600;258;0.002108298
8600;172;0.002125952
8600;181;0.002515117
8600;263;0.002511395
8600;291;0.002195272
8600;312;0.002235186
8600;211;0.003426714
8600;175;0.002315758
8600;249;0.002136702
8600;175;0.002150458
8600;250;0.00210936
8600;282;0.002148995
8600;191;0.002294077
8600;249;0.002302203
8600;291;0.002127755
8600;249;0.002120922
8600;304;0.002116483
8600;264;0.002132164
8600;282;0.002300609
8600;247;0.002303535
8600;231;0.003191232
8600;299;0.002288847
8600;237;0.002163411
8600;286;0.002098931
8600;180;0.002171467
8600;274;0.002149727
8600;293;0.002118427
8600;303;0.003127552
8600;238;0.002291563
8600;229;0.002159845
8600;227;0.002279349
8600;249;0.00217867
8600;297;0.002171588
8600;247;0.002136781
8600;258;0.004551342
8600;266;0.003080383
8600;279;0.002554716
8600;271;0.003312803
8600;283;0.00264716
8600;260;0.002810821
8600;273;0.002537334
8600;284;0.002211642
8600;278;0.00219983
8600;276;0.002184111
8600;267;0.002425854
8600;289;0.002144757
8600;315;0.002592102
8600;286;0.0023809
8600;260;0.002295449
8600;294;0.003996614
8600;264;0.003201481
8600;243;0.002257869
8600;265;0.002144185
8600;278;0.002635318
8600;266;0.002921806
8600;267;0.002904823
8600;212;0.00284417
8600;263;0.002833169
8600;312;0.003063928
8600;313;0.003502206
8600;191;0.002841044
8600;285;0.002168511
8600;264;0.002208807
8600;195;0.002608977
8600;255;0.002204328
8600;189;0.002215389
8600;273;0.002128977
8600;175;0.002099622
8600;295;0.002141661
8600;265;0.002090194
8600;285;0.002088692
8600;204;0.002270142
8600;265;0.002132314
8600;309;0.002138465
8600;231;0.00208267
8600;254;0.002083201
8600;286;0.002075847
8600;266;0.00225819
8600;252;0.00216501
8600;308;0.002160873
8600;182;0.002158292
8600;263;0.002145037
8600;269;0.002199449
8600;186;0.002336096
8600;287;0.002145469
8600;310;0.002168231
8600;267;0.002148524
8600;192;0.002126472
8600;292;0.002122205
8600;282;0.002158833
8600;248;0.002155507
8600;255;0.00212487
8600;273;0.002141184
8600;296;0.002115208
8600;321;0.00214118
8600;262;0.002258811
8600;269;0.002108408
8600;203;0.002211563
8600;280;0.002186725
8600;266;0.002084984
8600;193;0.002116494
8600;294;0.002139016
8600;270;0.002281198
8600;275;0.00211443
8600;282;0.002107958
8600;270;0.002168
8600;297;0.0021356
8600;186;0.002155287
8600;270;0.002166387
8600;305;0.002133015
8600;258;0.002155126
8600;291;0.002117125
8600;281;0.002155758
8600;295;0.002139377
8600;264;0.002154435
8600;263;0.002161227
8600;199;0.003196091
8600;204;0.002242581
8600;292;0.002191965
8600;255;0.002193147
8600;258;0.002321579
8600;256;0.002116454
8600;185;0.002100534
8600;213;0.002160276
8600;269;0.002495826
8600;229;0.002207274
8600;320;0.002178199
8600;189;0.002138034
8600;249;0.002401669
8600;253;0.003185681
8600;224;0.002829753
8600;254;0.002271054
8600;199;0.002063103
8600;262;0.002124629
8600;211;0.002749042
8600;210;0.002507608
8600;289;0.002137894
8600;256;0.002094333
8600;304;0.002126021
8600;173;0.00221591
8600;204;0.002473634
8600;250;0.002148013
8600;264;0.002244915
8600;240;0.002096115
8600;277;0.002219367
8600;307;0.002155097
8600;185;0.00233325
8600;280;0.002119619
8600;233;0.002171878
8600;271;0.002264973
8600;254;0.002135529
8600;169;0.002145589
8600;256;0.002290651
8600;249;0.002297413
8600;262;0.002834322
8600;255;0.002068894
8600;312;0.002101967
8600;264;0.00289468
8600;271;0.002229536
8600;277;0.002138806
8600;313;0.002272767
8600;238;0.00208262
8600;266;0.002111454
8600;286;0.002109971
8600;298;0.002100834
8600;317;0.002104812
8600;261;0.0021997
8600;261;0.002133075
8600;263;0.002084013
8600;329;0.002084163
8600;308;0.002074495
8600;265;0.002177558
8600;307;0.002115182
8600;319;0.002111544
8600;267;0.002136562
8600;323;0.002080306
8600;315;0.002130971
8600;267;0.002078272
8600;276;0.00218381
8600;268;0.002142523
8600;270;0.002203587
8600;178;0.002140439
8600;300;0.002122104
8600;305;0.002123217
8600;278;0.003800155
8600;239;0.002226239
8600;298;0.002115742
8600;262;0.002093912
8600;310;0.002111484
8600;199;0.002202766
8600;284;0.002283227
8600;272;0.002612501
8600;285;0.00222121
8600;173;0.002122385
8600;262;0.002108068
8600;263;0.002159064
8600;287;0.002265914
8600;233;0.002332179
8600;259;0.002194681
8600;304;0.002118858
8600;259;0.002106826
8600;173;0.002217654
8600;251;0.002225007
8600;291;0.002127505
8600;183;0.002160857
8600;268;0.00212525
8600;244;0.002137293
8600;276;0.002158232
8600;243;0.002986968
8600;233;0.002638824
8600;255;0.002138424
8600;205;0.002158873
8600;252;0.002105794
8600;266;0.002205861
8600;270;0.002298085
8600;253;0.002248182
8600;257;0.002160916
8600;248;0.002110793
8600;247;0.00217865
8600;284;0.002451392
8600;275;0.002080546
8600;251;0.002091186
8600;276;0.002099642
8600;264;0.002092409
8600;300;0.002160807
8600;256;0.002138655
8600;275;0.002164224
8600;263;0.002089523
8600;295;0.002227943
8600;247;0.002111084
8600;249;0.002184521
8600;253;0.002187598
8600;266;0.002131151
8600;214;0.002227411
8600;248;0.002076398
8600;205;0.002090125
8600;226;0.002078492
8600;248;0.003666885
8600;250;0.002409985
8600;196;0.002159044
8600;262;0.002171597
8600;263;0.002138345
8600;193;0.002176486
8600;229;0.002238063
9100;234;0.002501807
9100;195;0.002209919
9100;201;0.002302122
9100;156;0.002179222
9100;206;0.002187377
9100;191;0.002229265
9100;208;0.002216681
9100;137;0.0023141
9100;246;0.002204499
9100;188;0.002195883
9100;199;0.002190362
9100;194;0.002249904
9100;212;0.002197966
9100;200;0.002240666
9100;192;0.002193578
9100;194;0.002356725
9100;206;0.002193989
9100;207;0.002214808
9100;167;0.002271004
9100;193;0.00221037
9100;241;0.002209859
9100;245;0.00216815
9100;188;0.002195612
9100;220;0.00221015
9100;190;0.002249744
9100;149;0.002265764
9100;201;0.002197456
9100;196;0.002175765
9100;145;0.002190793
9100;195;0.002232161
9100;200;0.002312632
9100;212;0.002272657
9100;216;0.002278247
9100;199;0.00218923
9100;177;0.00219957
9100;197;0.002260875
9100;215;0.00223725
9100;209;0.002226861
9100;179;0.002182759
9100;181;0.002202034
9100;145;0.002297729
9100;150;0.002246498
9100;238;0.002285481
9100;204;0.002240526
9100;230;0.002239465
9100;200;0.002220389
9100;218;0.002335886
9100;223;0.002940335
9100;238;0.002392041
9100;173;0.00221048
9100;200;0.002211191
9100;252;0.002181376
9100;210;0.002205381
9100;202;0.002183089
9100;192;0.002315547
9100;207;0.002251788
9100;226;0.002210219
9100;205;0.002184341
9100;163;0.00217875
9100;229;0.002204168
9100;251;0.002287104
9100;224;0.002208777
9100;200;0.002216081
9100;207;0.002468645
9100;239;0.002906216
9100;187;0.002688748
9100;146;0.002766174
9100;210;0.002642361
9100;217;0.002755303
9100;202;0.002679861
9100;199;0.002743201
9100;198;0.002685903
9100;235;0.00268406
9100;218;0.0027268
9100;208;0.002778622
9100;169;0.002733512
9100;173;0.002762006
9100;199;0.002711546
9100;200;0.00273717
9100;210;0.002680542
9100;255;0.002829853
9100;194;0.002695922
9100;210;0.002690491
9100;218;0.002787304
9100;151;0.002205511
9100;219;0.002224486
9100;210;0.002223384
9100;186;0.002210961
9100;232;0.00218339
9100;196;0.002207003
9100;211;0.002225939
9100;220;0.002276133
9100;223;0.002179362
9100;200;0.002202686
9100;170;0.002224166
9100;228;0.002474005
9100;242;0.002260084
9100;181;0.002224095
9100;253;0.00213049
9100;203;0.002181135
9100;162;0.002286904
9100;155;0.002234195
9100;209;0.00223711
9100;197;0.002181816
9100;224;0.002184031
9100;214;0.002330305
9100;232;0.002200041
9100;185;0.002180224
9100;238;0.002228243
9100;195;0.002228003
9100;205;0.002192105
9100;205;0.002204659
9100;142;0.002330425
9100;217;0.002153062
9100;220;0.00227939
9100;197;0.002170014
9100;219;0.002200081
9100;197;0.002164063
9100;150;0.002274941
9100;199;0.002196084
9100;210;0.002261115
9100;199;0.00223749
9100;258;0.002156378
9100;151;0.002323964
9100;168;0.002205951
9100;248;0.002186816
9100;199;0.00229012
9100;200;0.002225729
9100;233;0.00222115
9100;252;0.002218204
9100;231;0.002188959
9100;228;0.002209759
9100;240;0.002272858
9100;205;0.002242009
9100;179;0.00219438
9100;213;0.002281764
9100;196;0.002319825
9100;200;0.002199029
9100;247;0.00217839
9100;248;0.002249433
9100;217;0.002196714
9100;213;0.002248712
9100;195;0.00218352
9100;208;0.002204519
9100;224;0.002189761
9100;229;0.002215801
9100;195;0.00221044
9100;246;0.002433108
9100;235;0.002218345
9100;203;0.002239755
9100;237;0.002334734
9100;221;0.002192316
9100;161;0.00226365
9100;220;0.002224617
9100;151;0.002245847
9100;254;0.002216902
9100;260;0.002191024
9100;213;0.002275422
9100;228;0.002318844
9100;237;0.002259212
9100;193;0.00218392
9100;178;0.002204469
9100;157;0.00219444
9100;192;0.002255024
9100;253;0.002260745
9100;262;0.002187718
9100;204;0.002273839
9100;226;0.002218405
9100;233;0.002203808
9100;258;0.002186104
9100;266;0.002591926
9100;199;0.002927266
9100;233;0.002939018
9100;182;0.002866522
9100;211;0.002925092
9100;213;0.003100131
9100;209;0.002238653
9100;228;0.002236529
9100;202;0.002184341
9100;228;0.002260815
9100;168;0.002864568
9100;192;0.002351515
9100;200;0.002192867
9100;199;0.002320306
9100;215;0.002789242
9100;192;0.002208427
9100;186;0.002296772
9100;205;0.002187938
9100;191;0.00217823
9100;153;0.002397491
9100;248;0.002436544
9100;192;0.002278939
9100;194;0.002211853
9100;196;0.002193408
9100;199;0.002259532
9100;193;0.00258837
9100;220;0.002276805
9100;192;0.002956311
9100;200;0.002264772
9100;192;0.002234625
9100;152;0.002287295
9100;194;0.002542283
9100;201;0.002218535
9100;213;0.002302914
9100;200;0.002283998
9100;209;0.002196674
9100;147;0.002485527
9100;197;0.002361965
9100;211;0.002208536
9100;204;0.002182608
9100;207;0.002272086
9100;202;0.002432958
9100;225;0.002264311
9100;159;0.002212214
9100;156;0.002254663
9100;235;0.002202215
9100;219;0.002245235
9100;184;0.002571188
9100;202;0.002321959
9100;231;0.002230067
9100;223;0.002202335
9100;189;0.002176396
9100;186;0.002241999
9100;212;0.00231115
9100;245;0.002388624
9100;149;0.002280501
9100;168;0.002145609
9100;223;0.002203166
9100;150;0.002390549
9100;192;0.003109808
9100;153;0.002869738
9100;196;0.002243412
9100;186;0.002255385
9100;210;0.002250275
9100;219;0.002583831
9100;153;0.002218947
9100;191;0.002203297
9100;191;0.002275201
9100;247;0.002195362
9100;196;0.002360222
9100;178;0.00223158
9100;220;0.00238586
9100;220;0.002695441
9100;197;0.002353178
9100;188;0.002193328
9100;189;0.002512768
9100;195;0.002320727
9100;171;0.002293856
9100;188;0.002382093
9100;196;0.002626251
9100;215;0.002214327
9100;233;0.002245146
9100;199;0.002411898
9100;208;0.00258319
9100;170;0.002282466
9100;229;0.00361406
9100;234;0.002405412
9100;193;0.002305509
9100;183;0.002432297
9100;192;0.00224224
9100;235;0.002293195
9100;160;0.002170976
9100;204;0.004384336
9100;149;0.002451332
9100;201;0.00229807
9100;197;0.00249289
9100;176;0.002192617
9100;229;0.002207485
9100;181;0.002619027
9100;176;0.002735456
9100;240;0.002294698
9100;191;0.002240907
9100;188;0.00234357
9100;200;0.002184602
9100;221;0.002218084
9100;228;0.00217288
9100;162;0.002210881
9100;152;0.002253451
9100;255;0.002381
9100;235;0.002239756
9100;201;0.002134627
9100;252;0.003378532
9100;211;0.002340775
9100;144;0.002250876
9100;195;0.002321689
9100;189;0.002365741
9100;242;0.002182096
9100;193;0.002367313
9100;193;0.002813172
9100;206;0.002291782
9100;195;0.00224801
9100;188;0.002213116
9100;216;0.002140268
9100;198;0.002214498
9100;165;0.00233279
9100;197;0.002293175
9100;185;0.002192586
9100;147;0.002260063
9100;203;0.002203467
9100;205;0.002179812
9100;226;0.002398343
9100;205;0.00221027
9100;206;0.002190342
9100;147;0.002396871
9100;200;0.002176476
9100;207;0.002264662
9100;194;0.002208677
9100;200;0.002224236
9100;238;0.002191274
9100;230;0.002203477
9100;236;0.002199659
9100;209;0.002301972
9100;163;0.002232832
9100;142;0.002182017
9100;245;0.002177037
9100;197;0.002200542
9100;190;0.00226875
9100;217;0.002444129
9100;158;0.00223709
9100;210;0.002225639
9100;192;0.002195342
9100;205;0.002203006
9100;203;0.002190553
9100;206;0.002291913
9100;188;0.002261266
9100;210;0.002262107
9100;216;0.002173541
9100;202;0.002198538
9100;200;0.002194811
9100;202;0.002270182
9100;190;0.002439931
9100;161;0.002541801
9100;230;0.002584783
9100;232;0.002224857
9100;161;0.002177739
9100;228;0.002267677
9100;208;0.002212414
9100;230;0.002207074
9100;192;0.002270503
9100;161;0.002250726
9100;192;0.002179041
9100;198;0.002371934
9100;236;0.002181936
9100;191;0.002173621
9100;196;0.002230698
9100;190;0.002222713
9100;144;0.002208467
9100;215;0.002485907
9100;206;0.002288327
9100;236;0.002188839
9100;137;0.002172279
9100;201;0.002246187
9100;219;0.002192336
9100;229;0.002471089
9100;210;0.00216275
9100;173;0.002208787
9100;220;0.002176547
9100;201;0.002236018
9100;194;0.002256767
9100;168;0.002264121
9100;171;0.00227424
9100;200;0.002223204
9100;227;0.002506817
9100;170;0.002918339
9100;218;0.003122572
9100;202;0.002421576
9100;210;0.002197356
9100;172;0.002456352
9100;174;0.002543515
9100;204;0.002242069
9100;212;0.002304928
9100;233;0.002209568
9100;222;0.002182558
9100;205;0.00260977
9100;147;0.003054722
9100;241;0.003482071
9100;222;0.002452073
9100;204;0.002240247
9100;205;0.002366072
9100;204;0.002287625
9100;164;0.003601102
9100;204;0.002481188
9100;248;0.002235057
9100;146;0.002347397
9100;251;0.002379758
9100;209;0.002250876
9100;198;0.002223985
9100;205;0.002189952
9100;204;0.002283908
9100;186;0.002324154
9100;212;0.002427177
9100;196;0.002287996
9100;201;0.002246718
9100;233;0.002188279
9100;202;0.002515212
9100;201;0.002235247
9100;194;0.00222125
9100;201;0.002201463
9100;205;0.002247039
9100;201;0.002232642
9100;192;0.002235637
9100;166;0.002328552
9100;202;0.002214248
9100;231;0.002277646
9100;205;0.002202676
9100;198;0.002192727
9100;148;0.002314866
9100;202;0.002227352
9100;208;0.002196404
9100;237;0.002223174
9100;150;0.002246528
9100;147;0.002192937
9100;204;0.002246127
9100;198;0.002196484
9100;198;0.002199309
9100;170;0.00220467
9100;224;0.00220519
9100;171;0.002204679
9100;169;0.002316899
9100;136;0.002264281
9100;240;0.002424652
9100;224;0.002267478
9100;195;0.002209418
9100;187;0.002332579
9100;200;0.002225959
9100;203;0.002188138
9100;170;0.002228284
9100;168;0.003032094
9100;184;0.002869497
9100;241;0.002359179
9100;201;0.002214698
9100;212;0.002218946
9100;221;0.002185413
9100;190;0.002412097
9100;250;0.002600097
9100;242;0.002352867
9100;185;0.002174773
9100;192;0.002187797
9100;191;0.002191053
9100;184;0.002208597
9100;255;0.00235941
9100;190;0.002328963
9100;220;0.002176516
9100;186;0.002185283
9100;191;0.002186415
9100;191;0.002196544
9100;197;0.002239274
9100;239;0.002299427
9100;193;0.002188519
9100;198;0.002265464
9100;182;0.002637382
9100;203;0.002201804
9100;182;0.002257278
9100;213;0.00220483
9100;198;0.002193799
9100;190;0.002218105
9100;219;0.002254803
9100;190;0.002194751
9100;207;0.002296181
9100;198;0.002207354
9100;231;0.002188068
9100;200;0.002436013
9100;232;0.002330385
9100;153;0.002207614
9100;189;0.002223214
9100;210;0.002284188
9100;187;0.002186435
9100;212;0.002258931
9100;223;0.00218395
9100;183;0.002187377
9100;200;0.002204219
9100;212;0.002249704
9100;170;0.002212784
9100;150;0.002299768
9100;182;0.002183971
9100;202;0.002216061
9100;226;0.002219387
9100;198;0.002265158
9100;198;0.002318012
9100;210;0.002267688
9100;190;0.002388264
9100;194;0.002179743
9100;201;0.002184671
9100;197;0.00218406
9100;210;0.002209439
9100;197;0.003335983
9100;187;0.002304096
9100;209;0.002207605
9100;203;0.002194781
9100;256;0.002245716
9100;223;0.002190463
9100;249;0.002366132
9100;211;0.002186615
9100;165;0.002276073
9100;233;0.002157631
9100;238;0.002165746
9100;180;0.002272026
9100;227;0.00217294
9100;154;0.002203627
9100;199;0.002186716
9100;209;0.002170124
9100;214;0.002155688
9100;210;0.002238713
9100;206;0.002227062
9100;203;0.002165195
9100;258;0.002174944
9100;203;0.002259222
9100;195;0.002260985
9100;186;0.002212433
9100;195;0.002165505
9100;253;0.002275813
9100;188;0.002263019
9100;233;0.002245947
9100;210;0.002233784
9100;205;0.002200842
9100;230;0.003442703
9100;238;0.002462483
9100;206;0.002293817
9100;245;0.002245696
9100;207;0.002196995
9100;223;0.002288918
9100;183;0.002340204
9100;195;0.002244905
9100;222;0.002238763
9100;163;0.002302133
9100;167;0.002184311
9100;198;0.002234185
9100;159;0.002244794
9100;206;0.002285892
9100;206;0.002313594
9100;247;0.002213075
9100;212;0.002200442
9100;224;0.002195682
9100;208;0.002212965
9100;219;0.002278158
9100;220;0.0022478
9100;235;0.002209629
9100;232;0.002214858
9100;233;0.002212554
9100;209;0.002201032
9100;213;0.002792403
9100;212;0.002229976
9100;168;0.002222372
9100;174;0.002203778
9100;163;0.002250535
9100;194;0.002447875
9100;191;0.002237741
9100;181;0.002242641
9100;190;0.002278518
9100;196;0.002316499
9100;237;0.002213475
9100;209;0.002556559
9100;204;0.002319525
9100;206;0.002293581
9100;188;0.002230027
9100;195;0.002207134
9100;196;0.002517732
9100;210;0.002601304
9100;244;0.002189491
9100;149;0.002179121
9100;163;0.002288838
9100;178;0.002163472
9100;195;0.0023996
9100;234;0.002236149
9100;191;0.002223835
9100;187;0.002247891
9100;176;0.002296772
9100;148;0.002202235
9100;200;0.002343169
9100;193;0.002403232
9100;216;0.002307803
9100;188;0.002179702
9100;191;0.002239375
9100;186;0.002174042
9100;235;0.002490251
9100;213;0.002212504
9100;222;0.0021788
9100;196;0.00218891
9100;253;0.002358017
9100;220;0.00225803
9100;209;0.002234976
9100;166;0.002191534
9100;193;0.002250455
9100;206;0.002181185
9100;215;0.002206653
9100;238;0.002235507
9100;210;0.002197957
9100;175;0.002311931
9100;209;0.002312606
9100;209;0.002194841
9100;204;0.002174523
9100;199;0.002277947
9100;200;0.002299127
9100;194;0.002175835
9100;216;0.002193699
9100;172;0.002264482
9100;197;0.002349842
9100;204;0.002211191
9100;236;0.002227272
9100;173;0.002236099
9100;213;0.002329022
9100;246;0.002273419
9100;220;0.002347638
9100;234;0.002560257
9100;253;0.002178911
9100;229;0.002218936
9100;194;0.002220629
9100;195;0.002347608
9100;162;0.002183941
9100;224;0.002187978
9100;242;0.002199499
9100;236;0.002238363
9100;194;0.00226134
9100;248;0.00232227
9100;261;0.002345944
9100;188;0.002264943
9100;218;0.0021518
9100;192;0.002250195
9100;206;0.002240056
9100;235;0.002312411
9100;179;0.002336166
9100;199;0.0022101
9100;193;0.002206132
9100;225;0.002229366
9100;216;0.00228501
9100;216;0.002271284
9100;197;0.002349041
9100;224;0.002243026
9100;191;0.002223415
9100;193;0.002200081
9100;254;0.00230605
9100;210;0.002233984
9100;213;0.002227763
9100;182;0.002333561
9100;207;0.002184771
9100;224;0.002263189
9100;235;0.002187617
9100;205;0.002230608
9100;218;0.00218882
9100;187;0.002309491
9100;204;0.002281363
9100;227;0.002189361
9100;205;0.002182758
9100;204;0.002188459
9100;261;0.002325807
9100;210;0.002348149
9100;224;0.002223855
9100;201;0.002176487
9100;255;0.002198828
9100;206;0.002223244
9100;199;0.002213176
9100;180;0.002265543
9100;204;0.002176517
9100;194;0.00226381
9100;158;0.002250456
9100;237;0.002203657
9100;194;0.002208547
9100;153;0.002209318
9100;232;0.002254843
9100;203;0.002997412
9100;202;0.00253499
9100;240;0.00224761
9100;198;0.002174513
9100;202;0.00241308
9100;153;0.002328723
9100;198;0.002191715
9100;173;0.002707547
9100;196;0.002435218
9100;189;0.00221051
9100;219;0.002321709
9100;232;0.002312692
9100;224;0.002197135
9100;193;0.00221552
9100;164;0.002312046
9100;234;0.002222934
9100;248;0.002438518
9100;216;0.002331196
9100;200;0.002251888
9100;229;0.002193107
9100;212;0.002177267
9100;226;0.002313804
9100;218;0.002682747
9100;195;0.002217344
9100;188;0.002183559
9100;201;0.002277036
9100;228;0.002228043
9100;149;0.002424061
9100;181;0.002441334
9100;167;0.002201714
9100;199;0.002276945
9100;247;0.002271915
9100;186;0.002267768
9100;207;0.002261136
9100;192;0.002320416
9100;202;0.002326889
9100;195;0.002362785
9100;208;0.002784845
9100;200;0.002376211
9100;210;0.002202756
9100;192;0.002533306
9100;199;0.002217764
9100;225;0.002231971
9100;214;0.003218528
9100;195;0.00240473
9100;207;0.002572139
9100;241;0.002463115
9100;210;0.002214578
9100;235;0.002214558
9100;200;0.002185644
9100;195;0.002363187
9100;217;0.002779949
9100;206;0.002258641
9100;246;0.002304993
9100;204;0.002195342
9100;207;0.002232051
9100;171;0.00231442
9100;224;0.002430884
9100;204;0.002231891
9100;163;0.00229633
9100;197;0.002185433
9100;211;0.002266625
9100;242;0.002245205
9100;204;0.002397056
9100;191;0.002765411
9100;227;0.003219785
9100;213;0.002427848
9100;159;0.002176487
9100;250;0.00217299
9100;235;0.002571608
9100;147;0.002328657
9100;196;0.002235978
9100;218;0.00216792
9100;240;0.00218887
9100;209;0.002158873
9100;215;0.002831657
9100;167;0.002590664
9100;158;0.002252279
9100;202;0.002192867
9100;213;0.0021999
9100;169;0.002232412
9100;172;0.002403603
9100;207;0.002262358
9100;198;0.002265964
9100;169;0.002235187
9100;196;0.002183349
9100;190;0.002371122
9100;175;0.002358018
9100;204;0.002245836
9100;140;0.002201884
9100;201;0.002257178
9100;233;0.002821578
9100;211;0.002192747
9100;151;0.002182097
9100;213;0.002296121
9100;152;0.003659401
9100;150;0.002335935
9100;151;0.002241718
9100;156;0.002213456
9100;228;0.002218505
9100;142;0.002222954
9100;199;0.00320071
9100;197;0.002444379
9100;147;0.002312662
9100;210;0.002197716
9100;194;0.002261465
9100;196;0.002170354
9100;204;0.002249473
9100;196;0.003439528
9100;198;0.002358528
9100;194;0.00224244
9100;193;0.002234075
9100;184;0.00238092
9100;162;0.002193508
9100;237;0.002254473
9100;230;0.00220495
9100;223;0.002209578
9100;242;0.002183619
9100;174;0.002413812
9100;213;0.002154405
9100;176;0.002292434
9100;207;0.002321338
9100;245;0.002407986
9100;175;0.002285406
9100;229;0.002178661
9100;192;0.00241303
9100;161;0.00223169
9100;206;0.002197696
9100;188;0.002181927
9100;169;0.002338641
9100;223;0.002200381
9100;212;0.002394776
9100;204;0.002219206
9100;196;0.002209628
9100;188;0.002213346
9100;198;0.002308044
9100;221;0.002345624
9100;201;0.002374368
9100;194;0.002225639
9100;195;0.002195442
9100;219;0.002198307
9100;244;0.002191284
9100;207;0.002312251
9100;195;0.002367575
9100;209;0.002244635
9100;162;0.002266415
9100;225;0.002183269
9100;194;0.002178871
9100;199;0.002420264
9100;175;0.00234347
9100;192;0.002201082
9100;214;0.002748921
9100;198;0.00222114
9100;245;0.00218887
9100;146;0.002211702
9100;219;0.0022472
9100;208;0.002285992
9100;197;0.002342267
9100;198;0.002182578
9100;207;0.002209949
9100;219;0.002214918
9100;236;0.002942805
9100;201;0.002933127
9100;154;0.002655346
9100;207;0.002350422
9100;209;0.002216491
9100;254;0.002182828
9100;205;0.002187226
9100;245;0.002457705
9100;205;0.002207184
9100;222;0.002179241
9100;215;0.002190203
9100;226;0.002200461
9100;222;0.002253872
9100;204;0.002397221
9100;230;0.002198558
9100;192;0.002254693
9100;244;0.002251798
9100;200;0.002189631
9100;196;0.002241459
9100;165;0.002215339
9100;195;0.003055346
9100;222;0.002224977
9100;216;0.002177568
9100;248;0.002253731
9100;199;0.002254333
9100;191;0.002230648
9100;206;0.002381351
9100;194;0.002195201
9100;191;0.002214107
9100;250;0.002190092
9100;206;0.002227512
9100;167;0.002255565
9100;195;0.003231136
9100;235;0.002442336
9100;225;0.002319625
9100;191;0.002157381
9100;189;0.002195813
9100;153;0.002409383
9100;257;0.002248371
9100;192;0.00333414
9100;214;0.002438047
9100;144;0.002217092
9100;203;0.002330766
9100;229;0.002141531
9100;194;0.002206343
9100;194;0.002278157
9100;258;0.002218045
9100;154;0.002187016
9100;200;0.002266565
9100;245;0.002229606
9100;200;0.002263189
9100;197;0.002613727
9100;251;0.002348519
9100;208;0.002340114
9100;207;0.002203637
9100;219;0.002244233
9100;258;0.002196564
9100;154;0.002348289
9100;190;0.002202675
9100;206;0.002214398
9100;220;0.002219667
9100;157;0.002174552
9100;244;0.002270083
9100;168;0.002351264
9100;168;0.002207354
9100;203;0.002179803
9100;208;0.002334042
9100;202;0.002224196
9100;185;0.00222101
9100;199;0.002302382
9100;194;0.002179783
9100;169;0.002207424
9100;251;0.002272927
9100;256;0.002175685
9100;176;0.002228374
9100;233;0.002341015
9100;139;0.002255194
9100;200;0.002179452
9100;203;0.002217293
9100;198;0.00217872
9600;168;0.002558474
9600;130;0.002389927
9600;178;0.003356843
9600;175;0.002584843
9600;172;0.002344662
9600;170;0.002324584
9600;170;0.00227439
9600;177;0.002294938
9600;153;0.00344108
9600;214;0.002665164
9600;171;0.002337369
9600;129;0.002304837
9600;172;0.002271665
9600;217;0.002407139
9600;188;0.003248608
9600;149;0.002792083
9600;156;0.002376732
9600;172;0.002317331
9600;171;0.002280662
9600;203;0.002320276
9600;196;0.002387462
9600;170;0.002442115
9600;175;0.002302182
9600;193;0.002287314
9600;190;0.002303665
9600;169;0.002335184
9600;198;0.002303004
9600;185;0.002283738
9600;144;0.002307723
9600;210;0.002322911
9600;162;0.002515943
9600;166;0.002383495
9600;153;0.002360131
9600;193;0.002282345
9600;151;0.002326297
9600;179;0.002297674
9600;157;0.002288557
9600;165;0.002394786
9600;189;0.002398583
9600;152;0.002333782
9600;165;0.002319304
9600;154;0.00229589
9600;160;0.002277717
9600;202;0.002404799
9600;156;0.002479946
9600;158;0.002366453
9600;126;0.002286513
9600;159;0.002320857
9600;161;0.002326058
9600;148;0.002310628
9600;160;0.002409083
9600;162;0.002351605
9600;150;0.002287585
9600;163;0.002378365
9600;170;0.002303535
9600;155;0.002330576
9600;178;0.002337589
9600;198;0.003663017
9600;130;0.002642422
9600;157;0.002372704
9600;195;0.002328892
9600;212;0.002303354
9600;163;0.002292334
9600;162;0.002378055
9600;161;0.002361814
9600;187;0.002270413
9600;130;0.002278799
9600;168;0.002331808
9600;175;0.002317521
9600;160;0.002373807
9600;209;0.002304467
9600;152;0.002500254
9600;159;0.00235416
9600;146;0.002283929
9600;179;0.002313844
9600;163;0.002307472
9600;163;0.002457575
9600;163;0.00234904
9600;176;0.002387192
9600;163;0.002297133
9600;188;0.002381311
9600;156;0.002368617
9600;161;0.00230093
9600;196;0.002312261
9600;174;0.002396891
9600;125;0.002405486
9600;179;0.002441654
9600;147;0.002301271
9600;164;0.002335635
9600;188;0.002281524
9600;213;0.002403573
9600;159;0.002368316
9600;195;0.00231132
9600;157;0.002388705
9600;218;0.002306641
9600;150;0.002308173
9600;152;0.00228495
9600;163;0.002291342
9600;176;0.00227446
9600;201;0.002371863
9600;178;0.002435894
9600;166;0.002269751
9600;177;0.002291742
9600;172;0.002291573
9600;138;0.002335835
9600;159;0.002288026
9600;182;0.002462318
9600;163;0.002324775
9600;178;0.002350964
9600;206;0.002369469
9600;168;0.0023275
9600;165;0.002313654
9600;171;0.00360865
9600;190;0.002444109
9600;159;0.00239676
9600;211;0.002302212
9600;133;0.002340243
9600;199;0.002319835
9600;200;0.002340264
9600;165;0.002356815
9600;174;0.002451042
9600;158;0.002304376
9600;131;0.002297043
9600;158;0.002324244
9600;157;0.002353378
9600;214;0.002351519
9600;149;0.00240442
9600;164;0.00228479
9600;181;0.002319916
9600;199;0.002231379
9600;159;0.002356705
9600;157;0.00228006
9600;158;0.003429288
9600;215;0.00253769
9600;185;0.002341686
9600;157;0.002347418
9600;119;0.002337228
9600;202;0.002288507
9600;165;0.002443593
9600;173;0.002309146
9600;158;0.002343349
9600;156;0.002316099
9600;202;0.00228473
9600;168;0.00229548
9600;171;0.002313143
9600;179;0.002388915
9600;189;0.002287084
9600;135;0.002346225
9600;180;0.002291683
9600;167;0.002305929
9600;166;0.002492931
9600;196;0.002420845
9600;205;0.002351054
9600;213;0.002316088
9600;161;0.002883604
9600;197;0.003329411
9600;148;0.002409574
9600;206;0.002295951
9600;165;0.002297864
9600;173;0.002570486
9600;162;0.002435272
9600;189;0.002374308
9600;205;0.002295851
9600;180;0.002387903
9600;171;0.002467033
9600;168;0.002493862
9600;169;0.00235992
9600;164;0.002381983
9600;170;0.002317411
9600;182;0.002322651
9600;184;0.00247156
9600;130;0.002553514
9600;165;0.002296862
9600;142;0.002294097
9600;186;0.002346055
9600;167;0.002356063
9600;194;0.002436104
9600;132;0.002338531
9600;194;0.002457614
9600;153;0.002237602
9600;175;0.002435964
9600;173;0.00238617
9600;164;0.00247674
9600;192;0.002298535
9600;170;0.00231692
9600;157;0.002356705
9600;202;0.002321038
9600;179;0.002422739
9600;161;0.002305669
9600;172;0.002280411
9600;177;0.002307151
9600;163;0.002333011
9600;165;0.002311399
9600;165;0.002419552
9600;131;0.002309005
9600;165;0.002394145
9600;157;0.002300219
9600;173;0.002328031
9600;162;0.002314054
9600;156;0.002442376
9600;179;0.002310398
9600;172;0.002307322
9600;166;0.002286072
9600;177;0.002309766
9600;175;0.002434732
9600;144;0.002354961
9600;156;0.002330466
9600;164;0.002319014
9600;188;0.002294257
9600;158;0.002308515
9600;167;0.002417208
9600;160;0.002394806
9600;187;0.002330245
9600;150;0.002292193
9600;152;0.002414824
9600;167;0.00241261
9600;118;0.002332059
9600;169;0.002432577
9600;200;0.002328362
9600;162;0.002307602
9600;135;0.002361499
9600;131;0.002433354
9600;163;0.002349972
9600;209;0.002676946
9600;185;0.002327269
9600;183;0.002294448
9600;158;0.002281073
9600;142;0.002559646
9600;161;0.002411688
9600;166;0.002280141
9600;165;0.002399485
9600;210;0.002477622
9600;187;0.002273438
9600;158;0.002350663
9600;166;0.002509111
9600;139;0.002310859
9600;153;0.002327991
9600;165;0.002275382
9600;160;0.002278688
9600;134;0.002528668
9600;177;0.00256165
9600;205;0.00247639
9600;196;0.002301561
9600;222;0.002385509
9600;176;0.002333752
9600;153;0.002308715
9600;144;0.002397331
9600;180;0.002436885
9600;199;0.002295861
9600;168;0.002352507
9600;192;0.002268329
9600;158;0.00235412
9600;198;0.002421907
9600;191;0.002289118
9600;166;0.003216379
9600;188;0.002543205
9600;167;0.002408252
9600;183;0.002332179
9600;186;0.00232242
9600;192;0.002380499
9600;171;0.002315438
9600;219;0.002292795
9600;186;0.002463084
9600;215;0.002346926
9600;207;0.002312452
9600;173;0.002270162
9600;222;0.002329854
9600;186;0.002340925
9600;179;0.002405597
9600;215;0.002321318
9600;181;0.002510964
9600;152;0.002514732
9600;157;0.002386751
9600;160;0.002385579
9600;151;0.002286133
9600;167;0.002282896
9600;158;0.002383044
9600;134;0.002536793
9600;160;0.002416567
9600;132;0.002270303
9600;184;0.002279961
9600;192;0.002315597
9600;159;0.002439551
9600;151;0.002563253
9600;151;0.002639896
9600;152;0.002434701
9600;158;0.002348119
9600;150;0.002384888
9600;188;0.002605702
9600;161;0.002379497
9600;164;0.002384277
9600;142;0.002287615
9600;157;0.002255324
9600;165;0.002792022
9600;196;0.002457304
9600;159;0.002278067
9600;165;0.002262618
9600;147;0.002298616
9600;156;0.002299758
9600;195;0.003105771
9600;156;0.002403102
9600;202;0.002393093
9600;136;0.002440832
9600;169;0.002355722
9600;164;0.003852833
9600;130;0.002560978
9600;181;0.002446854
9600;195;0.002403232
9600;169;0.002312842
9600;130;0.002321939
9600;173;0.003424098
9600;177;0.002675062
9600;178;0.002346977
9600;201;0.002299377
9600;164;0.002314436
9600;161;0.002345333
9600;173;0.002422678
9600;178;0.002398883
9600;152;0.002329203
9600;172;0.002368267
9600;222;0.002319735
9600;184;0.002325576
9600;159;0.0023334
9600;177;0.002496497
9600;202;0.002298485
9600;188;0.002308945
9600;160;0.002276764
9600;133;0.002292875
9600;163;0.002466411
9600;194;0.002463335
9600;168;0.002937125
9600;176;0.002378727
9600;170;0.002266395
9600;175;0.00231175
9600;150;0.002290861
9600;177;0.002308774
9600;164;0.002281964
9600;151;0.002429993
9600;196;0.002379477
9600;164;0.002357316
9600;178;0.00229547
9600;217;0.002303796
9600;177;0.002303024
9600;167;0.002323382
9600;167;0.003661164
9600;176;0.002461442
9600;221;0.002388414
9600;194;0.002376241
9600;135;0.002262989
9600;129;0.002291061
9600;184;0.002351545
9600;197;0.00229566
9600;164;0.002459448
9600;164;0.00229004
9600;197;0.002299487
9600;172;0.00227421
9600;163;0.002352737
9600;169;0.002324353
9600;195;0.002343069
9600;135;0.002275172
9600;151;0.004296311
9600;151;0.002432837
9600;154;0.002323362
9600;155;0.002345684
9600;162;0.002287024
9600;156;0.002318553
9600;168;0.002538291
9600;180;0.002376653
9600;173;0.002317491
9600;168;0.002321178
9600;149;0.002256096
9600;179;0.002293937
9600;165;0.002443317
9600;170;0.002313754
9600;165;0.00229556
9600;177;0.002273418
9600;152;0.002284419
9600;131;0.002329604
9600;160;0.00229006
9600;160;0.002333101
9600;169;0.002320266
9600;151;0.002277727
9600;123;0.002283337
9600;189;0.002354059
9600;157;0.002304777
9600;171;0.002337088
9600;167;0.002333982
9600;159;0.002289158
9600;129;0.002319966
9600;191;0.002362916
9600;150;0.002489934
9600;174;0.002315798
9600;162;0.002319966
9600;197;0.002432326
9600;167;0.002383164
9600;181;0.002298977
9600;164;0.00237543
9600;163;0.002382894
9600;169;0.002413271
9600;139;0.002670133
9600;184;0.002282155
9600;165;0.002264652
9600;166;0.002307012
9600;125;0.002302964
9600;174;0.002398162
9600;192;0.002286132
9600;170;0.002275482
9600;126;0.002420795
9600;129;0.002268109
9600;178;0.002338741
9600;186;0.002447796
9600;190;0.002366914
9600;179;0.002352227
9600;170;0.002291011
9600;165;0.002283057
9600;138;0.002353639
9600;200;0.002390238
9600;173;0.00227958
9600;172;0.002321799
9600;191;0.00230089
9600;185;0.002423269
9600;202;0.00233272
9600;174;0.002339843
9600;208;0.002308344
9600;172;0.002312922
9600;217;0.002638915
9600;174;0.0023701
9600;184;0.002285451
9600;168;0.002312151
9600;187;0.002312251
9600;164;0.002518598
9600;158;0.002636678
9600;165;0.002799362
9600;172;0.002338737
9600;194;0.002452514
9600;164;0.002366323
9600;161;0.002294067
9600;187;0.002387793
9600;149;0.002414012
9600;153;0.002302353
9600;209;0.002298555
9600;180;0.002349782
9600;181;0.002297624
9600;172;0.002372595
9600;144;0.002318133
9600;160;0.002307462
9600;163;0.00231683
9600;192;0.002318653
9600;202;0.002290109
9600;162;0.002264873
9600;193;0.002356134
9600;166;0.002364169
9600;145;0.00250869
9600;184;0.002357617
9600;161;0.002320857
9600;165;0.00231125
9600;201;0.002297574
9600;178;0.002379878
9600;169;0.002278027
9600;156;0.002293847
9600;158;0.002291803
9600;175;0.002323092
9600;131;0.002294518
9600;130;0.002473063
9600;118;0.002290811
9600;181;0.002453176
9600;157;0.00228464
9600;184;0.002286914
9600;161;0.002345463
9600;134;0.002339593
9600;131;0.00232233
9600;135;0.002292505
9600;168;0.002275031
9600;173;0.002324805
9600;158;0.0023329
9600;158;0.0026524
9600;192;0.002378035
9600;186;0.002310708
9600;190;0.002789447
9600;180;0.002356494
9600;164;0.002485226
9600;204;0.002297704
9600;173;0.002335505
9600;179;0.002304006
9600;189;0.002331478
9600;178;0.002316569
9600;163;0.002424012
9600;150;0.002286172
9600;174;0.002276845
9600;198;0.002279239
9600;179;0.002306551
9600;153;0.002330586
9600;206;0.002284038
9600;174;0.00232755
9600;123;0.002293076
9600;195;0.00245553
9600;149;0.002299628
9600;207;0.002284058
9600;128;0.002315077
9600;165;0.00230094
9600;127;0.002308575
9600;176;0.002312822
9600;169;0.002289699
9600;146;0.002296051
9600;166;0.002322621
9600;168;0.002275993
9600;181;0.002314174
9600;182;0.002357306
9600;164;0.002396028
9600;166;0.002307442
9600;173;0.002586992
9600;147;0.00252497
9600;175;0.002353849
9600;169;0.002302092
9600;126;0.00228525
9600;144;0.002298336
9600;164;0.002331928
9600;175;0.003065536
9600;123;0.0025085
9600;159;0.002332359
9600;159;0.00236483
9600;128;0.002274119
9600;178;0.002405005
9600;163;0.002316379
9600;121;0.002467623
9600;161;0.002326708
9600;195;0.002238232
9600;196;0.002290691
9600;144;0.002485246
9600;150;0.002337168
9600;168;0.0023436
9600;202;0.002323462
9600;121;0.00230065
9600;160;0.002337088
9600;133;0.002337509
9600;162;0.002277516
9600;156;0.002351791
9600;168;0.002426976
9600;137;0.002321077
9600;205;0.002409805
9600;130;0.00272168
9600;150;0.002345363
9600;173;0.002388063
9600;177;0.003329402
9600;160;0.00353709
9600;158;0.002440572
9600;115;0.00232208
9600;154;0.002360041
9600;162;0.002327159
9600;156;0.002536987
9600;146;0.002381943
9600;163;0.002331643
9600;154;0.002310087
9600;161;0.002410416
9600;143;0.002335675
9600;154;0.002457374
9600;156;0.002353779
9600;135;0.002333741
9600;145;0.002334393
9600;179;0.002286353
9600;155;0.002467613
9600;153;0.002390178
9600;179;0.002424913
9600;161;0.002303735
9600;162;0.00232228
9600;127;0.002293897
9600;144;0.002502218
9600;132;0.002337639
9600;134;0.002304797
9600;183;0.002425544
9600;190;0.002494984
9600;175;0.00234355
9600;189;0.002347116
9600;138;0.002405586
9600;144;0.003198425
9600;181;0.002626021
9600;169;0.002419783
9600;211;0.002318734
9600;165;0.002471039
9600;144;0.00233302
9600;205;0.002335335
9600;175;0.002394425
9600;171;0.002394104
9600;172;0.00235992
9600;149;0.002376723
9600;181;0.002309596
9600;189;0.00236492
9600;199;0.002398132
9600;189;0.002351485
9600;179;0.002438598
9600;177;0.002440382
9600;189;0.00229573
9600;195;0.00229556
9600;189;0.002283478
9600;172;0.002381291
9600;184;0.002756295
9600;186;0.002355202
9600;206;0.002307843
9600;220;0.002665425
9600;171;0.002328071
9600;217;0.002426295
9600;162;0.002332189
9600;130;0.003465296
9600;175;0.00259912
9600;157;0.002351485
9600;171;0.002326868
9600;169;0.002310257
9600;127;0.002362616
9600;130;0.002656578
9600;207;0.002417128
9600;184;0.002346375
9600;176;0.00229612
9600;169;0.002320907
9600;140;0.002285211
9600;143;0.002390819
9600;157;0.002492379
9600;210;0.002278478
9600;173;0.002268839
9600;186;0.00229592
9600;201;0.002318052
9600;122;0.002313213
9600;169;0.002431986
9600;171;0.002318203
9600;171;0.002301411
9600;146;0.002284189
9600;168;0.002329644
9600;179;0.002298095
9600;169;0.002329944
9600;163;0.002317982
9600;171;0.002299016
9600;170;0.002439961
9600;216;0.002404935
9600;218;0.002366143
9600;152;0.00240237
9600;163;0.002262609
9600;225;0.002356544
9600;211;0.002298866
9600;178;0.00231707
9600;175;0.002289349
9600;199;0.002323141
9600;157;0.002337458
9600;134;0.002300259
9600;173;0.002331918
9600;163;0.002290921
9600;171;0.002302422
9600;132;0.002356585
9600;160;0.002453146
9600;173;0.002372865
9600;170;0.002341295
9600;174;0.002287695
9600;169;0.002348038
9600;174;0.002287695
9600;205;0.002433979
9600;188;0.002760462
9600;213;0.003582248
9600;176;0.002528167
9600;187;0.002358749
9600;219;0.002334643
9600;187;0.002512617
9600;219;0.002339042
9600;189;0.002554125
9600;139;0.002387031
9600;190;0.002393189
9600;120;0.002296712
9600;172;0.002445552
9600;180;0.002265403
9600;182;0.002402992
9600;196;0.003776035
9600;166;0.002501722
9600;148;0.002304827
9600;145;0.002298766
9600;170;0.002444209
9600;160;0.002617033
9600;174;0.002564876
9600;149;0.00237018
9600;164;0.002538546
9600;192;0.002464898
9600;128;0.002491448
9600;132;0.002415235
9600;182;0.002414082
9600;215;0.002438257
9600;173;0.002346767
9600;190;0.002475227
9600;179;0.002288577
9600;188;0.002372635
9600;179;0.002423109
9600;160;0.00228993
9600;211;0.002372304
9600;163;0.002691193
9600;162;0.002332058
9600;185;0.002483643
9600;162;0.002353713
9600;154;0.002397076
9600;171;0.002349781
9600;175;0.002587178
9600;159;0.002294739
9600;139;0.002267938
9600;165;0.002286994
9600;170;0.00292972
9600;179;0.002363998
9600;159;0.002296391
9600;153;0.002289909
9600;161;0.002443908
9600;181;0.002284209
9600;125;0.002434595
9600;167;0.002465399
9600;172;0.002311811
9600;179;0.002402501
9600;138;0.002304717
9600;176;0.002307823
9600;128;0.00265248
9600;161;0.002465499
9600;170;0.002322972
9600;160;0.00229541
9600;134;0.002319284
9600;170;0.002325326
9600;166;0.00283359
9600;141;0.002894163
9600;164;0.002332991
9600;165;0.002314886
9600;206;0.002480277
9600;188;0.002394265
9600;158;0.002278518
9600;182;0.002286563
9600;168;0.00238602
9600;133;0.002287064
9600;162;0.002321949
9600;166;0.002465259
9600;163;0.002353649
9600;141;0.002281314
9600;158;0.002385138
9600;166;0.002286042
9600;165;0.002485657
9600;141;0.002373066
9600;174;0.002326558
9600;128;0.002298786
9600;177;0.002322721
9600;167;0.002380023
9600;166;0.002417168
9600;163;0.002310428
9600;181;0.002321174
9600;132;0.002328191
9600;205;0.002317361
9600;161;0.00229049
9600;136;0.00247703
9600;162;0.002317121
9600;204;0.002328371
9600;165;0.002298545
9600;168;0.002371553
9600;165;0.002280462
9600;220;0.002879981
9600;168;0.002576959
9600;171;0.002312322
9600;172;0.002281092
9600;171;0.002309025
9600;139;0.00234371
9600;173;0.00382545
9600;204;0.002903014
9600;183;0.00238125
9600;147;0.002315738
9600;152;0.002305469
9600;168;0.002358388
9600;206;0.00249838
9600;185;0.002287825
9600;164;0.002290912
9600;181;0.002293205
9600;149;0.002371423
9600;169;0.002305198
9600;184;0.002339021
9600;182;0.002319304
9600;175;0.002342218
9600;161;0.002274961
9600;169;0.002286913
9600;173;0.002319054
9600;199;0.002294698
9600;222;0.002473024
9600;166;0.002319003
9600;173;0.002294979
9600;150;0.002286703
9600;212;0.002372564
9600;161;0.002922316
9600;194;0.002427127
9600;174;0.002385529
9600;136;0.002292585
9600;154;0.002352957
9600;170;0.002365772
9600;164;0.002308965
9600;131;0.002304917
9600;162;0.002361093
9600;206;0.002291873
9600;183;0.002681074
9600;140;0.0023009
9600;162;0.002332319
9600;217;0.002364069
9600;190;0.002427598
9600;179;0.002306751
9600;164;0.002343109
9600;173;0.002288065
9600;191;0.002335235
9600;169;0.002312392
9600;177;0.002311379
9600;156;0.002345093
9600;163;0.002404004
9600;155;0.002345023
9600;164;0.002256917
9600;155;0.002302143
9600;127;0.002323021
9600;142;0.002351555
9600;160;0.002338691
9600;170;0.00233841
9600;176;0.002328933
9600;208;0.002295069
9600;183;0.002350934
9600;204;0.002357747
9600;184;0.002447816
9600;176;0.00236486
9600;202;0.00224235
9600;156;0.002293146
9600;207;0.002341846
9600;181;0.002335104
9600;169;0.002314225
9600;129;0.002323543
9600;178;0.002319394
9600;172;0.002313183
9600;173;0.002299106
9600;141;0.002895256
9600;148;0.002574974
9600;208;0.002350012
9600;200;0.002330356
9600;120;0.002361874
9600;185;0.002382634
9600;155;0.002318142
9600;138;0.002285692
9600;160;0.002297604
9600;161;0.002297584
9600;136;0.0023916
9600;180;0.002500034
9600;209;0.002276394
9600;158;0.002275623
9600;150;0.002317581
9600;207;0.002521634
9600;162;0.002304035
9600;179;0.002341066
9600;136;0.002382333
9600;168;0.002347057
9600;184;0.002397331
9600;189;0.002363578
9600;179;0.002304827
9600;169;0.002282346
9600;162;0.002359109
9600;171;0.002610917
9600;191;0.002444124
9600;181;0.002288977
9600;166;0.002283027
9600;167;0.00233273
9600;185;0.002512377
9600;169;0.002456071
9600;165;0.002311079
9600;168;0.002295089
9600;151;0.002307843
9600;145;0.002357175
9600;159;0.002323823
9600;165;0.002590364
9600;179;0.002342779
9600;178;0.002320957
9600;178;0.002302512
9600;119;0.002287915
9600;173;0.00240728
9600;161;0.002495395
9600;145;0.002313314
9600;149;0.003748037
9600;171;0.003071877
9600;164;0.003073641
9600;155;0.003127623
9600;155;0.003017926
9600;164;0.002901457
9600;163;0.00309456
9600;204;0.003370628
9600;162;0.003359498
9600;160;0.003039836
9600;162;0.003092376
9600;123;0.003121761
9600;163;0.003146678
9600;187;0.002945029
9600;172;0.003030539
9600;189;0.003055386
9600;157;0.003020732
9600;169;0.003393211
9600;138;0.002919952
9600;177;0.003180943
9600;120;0.00303089
9600;158;0.003003199
9600;157;0.002952143
9600;190;0.003090282
9600;214;0.003120649
9600;144;0.003049325
9600;139;0.00304116
9600;185;0.003140597
9600;157;0.003064884
9600;165;0.002960608
